0 0.243428 0.140212 0.031498 0.102293
0 0.231275 0.202822 0.043403 0.115520
0 0.206969 0.225750 0.036954 0.114638
0 0.204613 0.285714 0.036210 0.098765
0 0.200149 0.354277 0.029762 0.099206
0 0.187252 0.406746 0.050099 0.113316
0 0.165427 0.462522 0.064980 0.123457
0 0.118676 0.610450 0.062748 0.117725
0 0.155754 0.541005 0.035714 0.115520
0 0.193328 0.604056 0.051339 0.114638
0 0.303819 0.143739 0.034226 0.112875
0 0.296255 0.191138 0.042411 0.113316
0 0.282862 0.233245 0.037450 0.113757
0 0.270213 0.296958 0.038442 0.108025
0 0.258061 0.349427 0.045387 0.118607
0 0.228547 0.388668 0.047867 0.126543
0 0.249256 0.596340 0.045139 0.116843
0 0.221974 0.512125 0.040179 0.094797
0 0.224454 0.437610 0.044147 0.118607
0 0.371652 0.136243 0.027530 0.099647
0 0.354167 0.185185 0.035714 0.104056
0 0.340402 0.227954 0.032490 0.103175
0 0.329365 0.271384 0.035714 0.101852
0 0.312500 0.331790 0.039683 0.108907
0 0.309896 0.371032 0.046379 0.116843
0 0.302703 0.428792 0.043899 0.112434
0 0.288318 0.516093 0.046379 0.118607
0 0.407118 0.108245 0.031498 0.100970
0 0.399802 0.181437 0.029762 0.109788
0 0.382688 0.238757 0.029762 0.118607
0 0.376240 0.285714 0.035714 0.108466
0 0.362599 0.316138 0.034722 0.098765
0 0.364707 0.343915 0.036954 0.068783
0 0.360615 0.404762 0.035218 0.121693
0 0.359995 0.490520 0.035466 0.110670
0 0.335193 0.587963 0.028522 0.108025
0 0.448785 0.116402 0.022073 0.114638
0 0.439360 0.191138 0.022073 0.092152
0 0.433284 0.215608 0.026290 0.078483
0 0.428323 0.255291 0.028770 0.063492
0 0.426587 0.303792 0.029762 0.099647
0 0.419767 0.322972 0.026042 0.069224
0 0.422743 0.400794 0.031994 0.107584
0 0.406622 0.493827 0.022569 0.104056
0 0.400794 0.579806 0.029762 0.104938
0 0.477431 0.108245 0.024306 0.091270
0 0.483259 0.171076 0.022569 0.069665
0 0.490079 0.232804 0.028770 0.098765
0 0.479167 0.263228 0.019841 0.090829
0 0.466394 0.266534 0.021081 0.058642
0 0.473834 0.340608 0.032490 0.124780
0 0.464162 0.374559 0.027530 0.119489
0 0.472222 0.479277 0.035714 0.111993
0 0.464162 0.567901 0.031002 0.116402
0 0.534722 0.127425 0.014385 0.080247
0 0.535342 0.176808 0.017609 0.053792
0 0.537450 0.205908 0.026290 0.043210
0 0.537202 0.231481 0.023810 0.043210
0 0.534970 0.285714 0.018353 0.085538
0 0.545139 0.310185 0.020833 0.057760
0 0.540303 0.369048 0.016617 0.103175
0 0.547495 0.442019 0.017609 0.113316
0 0.555432 0.561508 0.021577 0.117725
0 0.573289 0.115300 0.026538 0.081570
0 0.572421 0.164683 0.024802 0.068342
0 0.574653 0.208774 0.025794 0.060406
0 0.575769 0.276014 0.016121 0.114638
0 0.590402 0.300485 0.013145 0.102734
0 0.601438 0.332231 0.018849 0.108025
0 0.611855 0.379850 0.018849 0.126543
0 0.632564 0.453704 0.026042 0.115520
0 0.646577 0.557540 0.044147 0.101852
0 0.616939 0.146605 0.022073 0.093034
0 0.625496 0.189594 0.024802 0.061728
0 0.617684 0.221120 0.028026 0.065697
0 0.620908 0.247134 0.017113 0.048942
0 0.628720 0.292108 0.015873 0.084215
0 0.637277 0.333333 0.013145 0.115520
0 0.659226 0.393298 0.019841 0.114638
0 0.660590 0.165785 0.022569 0.105820
0 0.665427 0.184303 0.025298 0.060847
0 0.661210 0.231481 0.019345 0.078483
0 0.672743 0.251984 0.017113 0.050705
0 0.668155 0.302028 0.014385 0.078483
0 0.687996 0.328924 0.015377 0.098765
0 0.700273 0.374339 0.018105 0.094356
0 0.686880 0.455688 0.026538 0.108025
0 0.711434 0.556658 0.031498 0.115961
0 0.712674 0.181878 0.013145 0.100970
0 0.721602 0.197972 0.016617 0.096120
0 0.738715 0.222663 0.023065 0.105820
0 0.737599 0.315035 0.020833 0.112434
0 0.743924 0.342372 0.016121 0.093034
0 0.759797 0.376323 0.027034 0.101852
0 0.747768 0.453924 0.024802 0.109788
0 0.769717 0.540564 0.042411 0.114638
0 0.820188 0.307319 0.035218 0.116402
0 0.849454 0.371032 0.030754 0.116843
0 0.832093 0.477293 0.038194 0.133598
0 0.898438 0.447751 0.047371 0.093915
0 0.880332 0.526235 0.038442 0.115961
0 0.940352 0.524691 0.061756 0.141975
