0 0.516741 0.121473 0.007192 0.043651
0 0.524554 0.122134 0.006944 0.039683
0 0.571181 0.175926 0.009425 0.042328
0 0.578125 0.185847 0.008929 0.048942
0 0.509673 0.179894 0.009425 0.048501
0 0.557788 0.260582 0.009921 0.056437
0 0.578993 0.242945 0.010665 0.060847
0 0.588914 0.239418 0.012649 0.059965
0 0.589410 0.260582 0.010665 0.059965
0 0.571429 0.383157 0.010913 0.069665
0 0.586558 0.386684 0.012897 0.070547
0 0.601314 0.388228 0.014137 0.071869
0 0.519221 0.606922 0.015129 0.089506
0 0.530382 0.589727 0.015129 0.110670
0 0.384549 0.958774 0.032986 0.080688
