0 0.008681 0.333113 0.016865 0.062169
0 0.013021 0.421517 0.025546 0.062610
0 0.035714 0.608907 0.060516 0.102293
0 0.040799 0.743827 0.060764 0.091711
0 0.093874 0.901455 0.052827 0.111552
0 0.231523 0.974647 0.049355 0.050705
0 0.188244 0.813933 0.051091 0.096120
0 0.144593 0.668430 0.045139 0.092593
0 0.116443 0.539021 0.046875 0.085979
0 0.078249 0.378748 0.048363 0.096120
0 0.057664 0.289242 0.040427 0.089065
0 0.036954 0.167769 0.043155 0.091270
0 0.024306 0.092372 0.044147 0.085097
0 0.100818 0.065476 0.036954 0.084215
0 0.099454 0.140873 0.032738 0.084215
0 0.136285 0.238757 0.034474 0.092152
0 0.160962 0.317460 0.038194 0.098765
0 0.211806 0.473545 0.039187 0.090829
0 0.235243 0.604497 0.035962 0.089065
0 0.269717 0.743166 0.038938 0.101852
0 0.323413 0.906305 0.044643 0.096561
0 0.494172 0.960758 0.030010 0.078483
0 0.449777 0.768959 0.030506 0.090829
0 0.412822 0.621032 0.033978 0.093034
0 0.350446 0.524250 0.034226 0.080247
0 0.173239 0.039903 0.031002 0.078924
0 0.205729 0.093034 0.033978 0.087302
0 0.231523 0.183422 0.028522 0.089947
0 0.261657 0.252425 0.028274 0.090388
0 0.279638 0.068563 0.023562 0.086861
0 0.262401 0.017857 0.021329 0.034832
0 0.325521 0.127425 0.021577 0.083774
0 0.346354 0.199295 0.025050 0.080247
0 0.383433 0.260362 0.035714 0.093915
0 0.315848 0.407848 0.030010 0.089947
0 0.416543 0.336861 0.023065 0.084656
0 0.466518 0.422399 0.026786 0.082892
0 0.502976 0.525573 0.020337 0.089947
0 0.558656 0.659612 0.035962 0.089065
0 0.372396 0.032628 0.021577 0.064374
0 0.417659 0.073413 0.023810 0.086861
0 0.450397 0.137787 0.024306 0.083333
0 0.475570 0.197310 0.020585 0.094797
0 0.519717 0.261684 0.018105 0.088624
0 0.554067 0.351190 0.023313 0.095679
0 0.557292 0.141755 0.022817 0.085097
0 0.521453 0.088845 0.025050 0.085979
0 0.477679 0.035494 0.018849 0.070106
0 0.578001 0.009259 0.019593 0.017637
0 0.605159 0.188492 0.020833 0.091270
0 0.589410 0.445326 0.029018 0.091711
0 0.648313 0.574735 0.033730 0.082451
0 0.633061 0.814374 0.054812 0.094356
0 0.701885 0.980600 0.036706 0.038801
0 0.808780 0.865741 0.042659 0.096561
0 0.738715 0.701279 0.043403 0.089506
0 0.921131 0.729938 0.049603 0.093915
0 0.847842 0.580908 0.037946 0.085097
0 0.648686 0.260802 0.026042 0.083333
0 0.701761 0.350750 0.030010 0.086861
0 0.759177 0.474868 0.033730 0.087302
0 0.946057 0.482143 0.033978 0.090388
0 0.875992 0.369489 0.035714 0.088183
0 0.613467 0.031966 0.026042 0.063051
0 0.642237 0.084656 0.020585 0.081129
0 0.680308 0.134480 0.029266 0.081129
0 0.670387 0.019180 0.018353 0.037478
0 0.710069 0.038580 0.024802 0.076279
0 0.760045 0.082231 0.026042 0.080688
0 0.735367 0.198192 0.026290 0.094797
0 0.767857 0.017857 0.019345 0.034832
0 0.801091 0.006614 0.011409 0.012346
0 0.821801 0.040123 0.031994 0.078483
0 0.850942 0.029541 0.026290 0.058201
0 0.901042 0.006173 0.012897 0.011464
0 0.954365 0.030203 0.025794 0.059524
0 0.969246 0.118166 0.032242 0.080247
0 0.991567 0.251323 0.016865 0.076720
0 0.909102 0.056217 0.031498 0.078924
0 0.868056 0.091270 0.028770 0.082011
0 0.823661 0.131393 0.029266 0.083774
0 0.795759 0.261243 0.035962 0.083333
0 0.867932 0.209877 0.032986 0.085538
0 0.945933 0.290785 0.040675 0.080688
0 0.928571 0.166005 0.035714 0.087743
