0 0.339740 0.691441 0.054997 0.190691
0 0.282673 0.691817 0.061502 0.194444
0 0.103193 0.137763 0.031342 0.066817
0 0.151390 0.242868 0.037847 0.087838
0 0.283560 0.191441 0.026611 0.073574
0 0.323182 0.180556 0.027794 0.078829
0 0.402425 0.128754 0.028977 0.066817
0 0.481668 0.162913 0.032525 0.078078
0 0.961266 0.217342 0.043170 0.096847
0 0.964518 0.188063 0.033116 0.062312
0 0.800118 0.159159 0.024837 0.067568
0 0.726198 0.136261 0.017741 0.066817
0 0.704317 0.145270 0.023655 0.065315
0 0.687167 0.140390 0.023655 0.070571
