0 0.271402 0.649182 0.034119 0.091518
0 0.300558 0.651786 0.025434 0.087798
0 0.279467 0.629836 0.022953 0.066220
0 0.326303 0.642113 0.033499 0.083333
0 0.337159 0.648065 0.037841 0.078869
0 0.346154 0.635417 0.037221 0.077381
0 0.434864 0.649554 0.035980 0.083333
0 0.473635 0.638393 0.026675 0.072917
0 0.529467 0.632812 0.026675 0.079613
0 0.695720 0.621652 0.029156 0.081101
0 0.723635 0.616443 0.031638 0.078125
0 0.765509 0.647693 0.029777 0.091518
0 0.770471 0.645089 0.038462 0.087798
0 0.863213 0.632068 0.042804 0.085565
0 0.869417 0.632068 0.029156 0.085565
0 0.583127 0.926339 0.079404 0.147321
0 0.639268 0.928571 0.063896 0.142857
