0 0.534474 0.091049 0.007937 0.036596
0 0.540303 0.091049 0.007192 0.037478
0 0.547619 0.086861 0.007440 0.037037
0 0.580729 0.138889 0.006200 0.039683
0 0.588170 0.139771 0.006696 0.037037
0 0.527654 0.157848 0.008681 0.044092
0 0.562872 0.155644 0.010169 0.023810
0 0.591146 0.247795 0.012649 0.042328
0 0.508805 0.199515 0.011161 0.048060
0 0.512401 0.333333 0.013393 0.063492
0 0.495040 0.598104 0.020833 0.107143
0 0.685392 0.616623 0.022073 0.106261
0 0.477927 0.763889 0.029266 0.098325
0 0.339162 0.951940 0.033978 0.096120
0 0.371032 0.951279 0.028770 0.095679
0 0.563988 0.144180 0.011905 0.016755
