0 0.159970 0.332231 0.009425 0.039242
0 0.169271 0.338624 0.013145 0.046737
0 0.193576 0.325176 0.013641 0.050705
0 0.203993 0.320326 0.011657 0.049824
0 0.632937 0.094356 0.006944 0.030864
0 0.675347 0.226411 0.008929 0.044533
0 0.626612 0.270062 0.011657 0.027778
0 0.470114 0.378748 0.016617 0.039683
0 0.516245 0.388448 0.017113 0.047619
0 0.473214 0.594356 0.014385 0.082011
0 0.494048 0.580467 0.017857 0.079806
0 0.600570 0.492063 0.017113 0.061728
0 0.550719 0.657407 0.026538 0.030864
0 0.551463 0.692240 0.030010 0.074956
0 0.766617 0.463404 0.014881 0.077601
0 0.658606 0.573413 0.019097 0.080688
0 0.669767 0.732363 0.027530 0.095238
0 0.651166 0.803792 0.027530 0.038801
0 0.778150 0.706349 0.033978 0.097002
0 0.930308 0.585758 0.020337 0.079806
0 0.961186 0.584656 0.016121 0.077601
