0 0.155630 0.331790 0.014633 0.029541
0 0.236855 0.319224 0.016369 0.051146
0 0.285342 0.347663 0.008185 0.041887
0 0.295015 0.347884 0.012153 0.042328
0 0.625868 0.097443 0.006696 0.029982
0 0.675967 0.208774 0.007688 0.041887
0 0.573661 0.326279 0.013393 0.040564
0 0.464906 0.393739 0.017609 0.053792
0 0.522321 0.429894 0.017857 0.051146
0 0.539807 0.457672 0.016617 0.052028
0 0.598958 0.436728 0.016369 0.023369
0 0.594494 0.460758 0.022817 0.059965
0 0.459449 0.645503 0.017113 0.082892
0 0.481895 0.632716 0.018353 0.087302
0 0.754712 0.452601 0.009425 0.074515
0 0.597966 0.617945 0.019345 0.078042
0 0.642113 0.657187 0.014385 0.089506
0 0.976314 0.582231 0.022569 0.083333
0 0.997396 0.573854 0.005208 0.038360
0 0.859251 0.729938 0.026042 0.092152
