0 0.526414 0.086420 0.004216 0.023810
0 0.533110 0.080688 0.005704 0.036155
0 0.541171 0.080026 0.005952 0.032187
0 0.577877 0.128968 0.005952 0.040123
0 0.585813 0.131614 0.008433 0.038360
0 0.555308 0.121914 0.007440 0.021605
0 0.553447 0.114638 0.008185 0.021164
0 0.529266 0.144841 0.007937 0.043651
0 0.507068 0.213624 0.012649 0.052469
0 0.588046 0.228395 0.011409 0.038801
0 0.508929 0.360891 0.012401 0.067460
0 0.498884 0.541446 0.018601 0.100529
0 0.660218 0.551808 0.018353 0.096561
0 0.493056 0.681658 0.024802 0.095238
0 0.392609 0.888448 0.029266 0.141093
0 0.375248 0.879630 0.029762 0.122575
0 0.295511 0.916887 0.050347 0.132716
