0 0.526414 0.083333 0.006200 0.029982
0 0.534970 0.083995 0.006448 0.033069
0 0.508557 0.156305 0.008681 0.048060
0 0.517361 0.157628 0.008433 0.043651
0 0.581101 0.219136 0.009921 0.029101
0 0.579613 0.245591 0.008929 0.051146
0 0.498388 0.229938 0.010169 0.053351
0 0.579365 0.319004 0.010417 0.062169
0 0.595982 0.319665 0.012401 0.068783
0 0.591890 0.341049 0.010169 0.063933
0 0.575149 0.375220 0.011905 0.069665
0 0.617312 0.508598 0.015873 0.085097
0 0.631448 0.507496 0.011905 0.084656
0 0.643973 0.501323 0.016121 0.081129
0 0.482515 0.472002 0.014633 0.078042
0 0.495660 0.467593 0.016121 0.090388
0 0.557168 0.730379 0.028522 0.073633
