0 0.098405 0.733184 0.015490 0.061286
0 0.017540 0.792975 0.018679 0.073244
0 0.076765 0.813528 0.015945 0.044096
0 0.066970 0.837818 0.027335 0.080717
0 0.070843 0.846786 0.025968 0.082212
0 0.403645 0.794096 0.025513 0.085949
0 0.448292 0.788490 0.020957 0.071749
0 0.469704 0.800075 0.027335 0.073991
0 0.728018 0.785501 0.024601 0.061286
0 0.725968 0.795217 0.024146 0.071749
0 0.779954 0.781764 0.024601 0.073244
0 0.753075 0.728700 0.018223 0.067265
0 0.882005 0.740658 0.022779 0.061286
0 0.879954 0.710762 0.015034 0.052317
0 0.921640 0.718984 0.014579 0.056801
0 0.935763 0.718610 0.015490 0.056054
0 0.883827 0.695441 0.009112 0.024664
