0 0.196324 0.808497 0.075000 0.244444
0 0.043750 0.834641 0.081618 0.228758
0 0.065809 0.023529 0.016912 0.044444
0 0.052206 0.022222 0.019118 0.041830
0 0.016176 0.164706 0.025000 0.115033
0 0.024632 0.197386 0.027206 0.086275
0 0.073529 0.166667 0.027941 0.116340
0 0.094485 0.201961 0.021324 0.066667
0 0.165809 0.213725 0.033088 0.116340
0 0.161765 0.199346 0.029412 0.116340
0 0.200000 0.220915 0.023529 0.109804
0 0.197794 0.179739 0.023529 0.069281
0 0.426838 0.024183 0.012500 0.045752
0 0.389706 0.020915 0.011765 0.039216
0 0.317647 0.107190 0.016176 0.094118
0 0.388235 0.241176 0.014706 0.071895
0 0.396324 0.211111 0.023529 0.118954
0 0.582353 0.194771 0.016176 0.099346
0 0.600368 0.198039 0.018382 0.113725
0 0.588235 0.010458 0.007353 0.018301
0 0.621691 0.009804 0.006618 0.016993
0 0.631250 0.011765 0.008088 0.020915
0 0.723162 0.022876 0.012500 0.043137
0 0.746691 0.022876 0.011029 0.040523
0 0.757721 0.023529 0.012500 0.044444
0 0.823529 0.041830 0.008824 0.060131
0 0.800000 0.167320 0.025000 0.101961
0 0.883088 0.033333 0.014706 0.058824
0 0.916912 0.016993 0.010294 0.031373
0 0.959191 0.023529 0.016912 0.044444
0 0.995588 0.022222 0.008824 0.041830
0 0.869485 0.044444 0.016912 0.075817
0 0.869485 0.059477 0.018382 0.077124
0 0.981985 0.451634 0.036029 0.155556
0 0.977941 0.475163 0.044118 0.155556
0 0.863235 0.613072 0.050000 0.211765
0 0.752941 0.522222 0.032353 0.171242
0 0.842647 0.845752 0.038235 0.125490
0 0.756985 0.786928 0.044853 0.190850
