0 0.056250 0.938562 0.025735 0.049673
0 0.057721 0.909804 0.016912 0.033987
0 0.031250 0.916993 0.016912 0.032680
0 0.034926 0.943137 0.021324 0.048366
0 0.290074 0.696078 0.012500 0.045752
0 0.315809 0.629412 0.008088 0.045752
0 0.371324 0.633987 0.010294 0.041830
0 0.377206 0.510458 0.007353 0.027451
0 0.402941 0.450980 0.004412 0.026144
0 0.406618 0.450980 0.004412 0.026144
0 0.450735 0.339216 0.002941 0.011765
0 0.507353 0.364052 0.004412 0.014379
0 0.530882 0.400000 0.002941 0.015686
0 0.524265 0.368627 0.002941 0.018301
0 0.526838 0.368627 0.003676 0.015686
0 0.530147 0.370588 0.002941 0.016993
0 0.584926 0.687582 0.012500 0.033987
0 0.891176 0.915033 0.020588 0.060131
0 0.869853 0.904575 0.008824 0.044444
0 0.870221 0.877778 0.021324 0.056209
0 0.551471 0.392810 0.002941 0.014379
0 0.555147 0.398693 0.002941 0.020915
0 0.559926 0.417647 0.005147 0.022222
