0 0.122135 0.262963 0.015625 0.013889
0 0.053125 0.369444 0.015625 0.010185
0 0.221745 0.227546 0.012760 0.012500
0 0.268880 0.250231 0.010156 0.012500
0 0.279948 0.301157 0.009375 0.015278
0 0.272917 0.345602 0.008854 0.006944
0 0.263672 0.431250 0.008073 0.012500
0 0.257812 0.432870 0.007812 0.010185
0 0.510286 0.498843 0.007552 0.008796
0 0.548438 0.543056 0.006771 0.015741
0 0.586198 0.815278 0.006771 0.017593
0 0.528516 0.837037 0.004427 0.017593
0 0.644792 0.622454 0.005208 0.016204
0 0.649219 0.544907 0.006771 0.014815
0 0.577995 0.005324 0.004948 0.009722
0 0.613672 0.033796 0.008073 0.012963
0 0.582422 0.054630 0.005469 0.016667
0 0.613281 0.087269 0.006771 0.016204
0 0.567187 0.120833 0.008854 0.012963
0 0.424609 0.244444 0.007031 0.015741
0 0.383203 0.240046 0.010156 0.012500
0 0.416146 0.275000 0.006771 0.012963
0 0.391667 0.287731 0.009375 0.009722
0 0.423307 0.319444 0.006510 0.014815
0 0.427214 0.326852 0.007031 0.013889
0 0.446484 0.421528 0.008073 0.012500
0 0.404036 0.318056 0.005990 0.011111
0 0.399479 0.313889 0.008333 0.012963
