0 0.166146 0.956481 0.044792 0.075926
0 0.684375 0.382407 0.010417 0.057407
0 0.629687 0.269444 0.007292 0.046296
0 0.688021 0.178704 0.005208 0.027778
0 0.693229 0.169444 0.007292 0.027778
0 0.559896 0.293519 0.013542 0.046296
0 0.475521 0.340741 0.011458 0.051852
0 0.413542 0.189815 0.010417 0.027778
0 0.239583 0.108333 0.008333 0.027778
0 0.248438 0.033333 0.005208 0.011111
0 0.245833 0.013889 0.004167 0.020370
0 0.126042 0.086111 0.006250 0.024074
0 0.115104 0.116667 0.005208 0.022222
0 0.121354 0.118519 0.007292 0.025926
