0 0.898897 0.875163 0.021324 0.024837
0 0.651103 0.536601 0.011029 0.016993
0 0.676838 0.399346 0.006618 0.014379
0 0.669485 0.397386 0.008088 0.015686
0 0.980147 0.139216 0.014706 0.016993
0 0.809926 0.052941 0.009559 0.014379
0 0.701471 0.072549 0.008824 0.019608
0 0.631985 0.088889 0.008088 0.018301
0 0.620221 0.096732 0.008088 0.013072
0 0.620221 0.084314 0.009559 0.014379
0 0.427941 0.088235 0.004412 0.019608
0 0.424632 0.091503 0.006618 0.013072
0 0.423897 0.103268 0.005147 0.015686
0 0.221691 0.122876 0.009559 0.018301
0 0.074632 0.809150 0.009559 0.020915
0 0.079779 0.777124 0.008088 0.014379
0 0.075000 0.776471 0.010294 0.015686
0 0.218015 0.964706 0.006618 0.013072
0 0.180515 0.971895 0.008088 0.011765
0 0.287500 0.322876 0.010294 0.018301
0 0.123162 0.592810 0.008088 0.011765
