0 0.868382 0.648366 0.013235 0.049673
0 0.780882 0.669281 0.008824 0.041830
0 0.732721 0.790850 0.012500 0.047059
0 0.696324 0.684314 0.013235 0.040523
0 0.484926 0.637908 0.009559 0.052288
0 0.395956 0.516340 0.008088 0.036601
0 0.416912 0.512418 0.008824 0.036601
0 0.548162 0.518301 0.012500 0.035294
0 0.576838 0.451634 0.006618 0.037908
0 0.475735 0.149020 0.002941 0.015686
0 0.473162 0.149020 0.002206 0.013072
0 0.467647 0.148366 0.002941 0.014379
0 0.463971 0.147712 0.002941 0.010458
0 0.452206 0.147059 0.002941 0.006536
0 0.475368 0.174510 0.003676 0.014379
0 0.471691 0.175163 0.003676 0.013072
0 0.491176 0.207190 0.002941 0.016993
0 0.502574 0.273856 0.005147 0.022222
0 0.489338 0.273856 0.006618 0.027451
0 0.426103 0.251634 0.005147 0.019608
0 0.422426 0.275163 0.003676 0.022222
0 0.333824 0.309150 0.005882 0.024837
0 0.327206 0.308497 0.005882 0.020915
0 0.351838 0.099346 0.002206 0.013072
0 0.387500 0.160131 0.002941 0.011765
0 0.385662 0.160784 0.002206 0.007843
0 0.383824 0.159477 0.002941 0.007843
0 0.364706 0.161438 0.004412 0.016993
0 0.360294 0.158170 0.002941 0.013072
0 0.355515 0.169281 0.003676 0.011765
0 0.352574 0.170588 0.002206 0.011765
0 0.354412 0.154902 0.001471 0.011765
0 0.350368 0.159477 0.002206 0.013072
0 0.346324 0.154248 0.002941 0.015686
0 0.339706 0.158170 0.002941 0.013072
0 0.324632 0.160131 0.003676 0.011765
