0 0.547917 0.256481 0.004167 0.016667
0 0.540625 0.260185 0.002083 0.016667
0 0.532813 0.256481 0.005208 0.012963
0 0.511458 0.261111 0.004167 0.014815
0 0.500000 0.261111 0.006250 0.014815
0 0.495312 0.224074 0.005208 0.011111
0 0.522396 0.281481 0.003125 0.018519
0 0.511979 0.299074 0.005208 0.016667
0 0.494792 0.303704 0.006250 0.014815
0 0.487500 0.285185 0.004167 0.011111
0 0.505208 0.325000 0.006250 0.016667
0 0.540104 0.319444 0.007292 0.016667
0 0.516667 0.321296 0.004167 0.012963
0 0.493229 0.340741 0.005208 0.011111
0 0.544792 0.362037 0.006250 0.027778
0 0.537500 0.343519 0.004167 0.012963
0 0.576562 0.356481 0.007292 0.012963
0 0.568229 0.436111 0.009375 0.046296
0 0.529687 0.383333 0.007292 0.018519
0 0.468229 0.397222 0.009375 0.024074
0 0.475000 0.455556 0.008333 0.018519
0 0.557813 0.433333 0.009375 0.048148
0 0.546875 0.488889 0.012500 0.033333
0 0.515625 0.503704 0.010417 0.033333
0 0.396875 0.414815 0.006250 0.033333
0 0.391667 0.415741 0.008333 0.031481
0 0.386458 0.437037 0.010417 0.044444
0 0.365625 0.442593 0.008333 0.048148
0 0.372917 0.524074 0.016667 0.037037
0 0.408333 0.510185 0.012500 0.035185
0 0.440625 0.593519 0.010417 0.027778
0 0.271354 0.635185 0.011458 0.037037
0 0.256771 0.650926 0.007292 0.031481
0 0.283854 0.525926 0.013542 0.033333
0 0.491667 0.922222 0.027083 0.096296
0 0.409896 0.951852 0.032292 0.096296
0 0.346875 0.827778 0.016667 0.074074
0 0.332292 0.916667 0.035417 0.066667
0 0.292187 0.800926 0.023958 0.053704
0 0.297396 0.858333 0.015625 0.087037
0 0.258333 0.855556 0.018750 0.055556
0 0.038021 0.741667 0.038542 0.057407
