0 0.185662 0.641830 0.016912 0.078431
0 0.442279 0.645098 0.018382 0.074510
0 0.583456 0.460784 0.015441 0.043137
0 0.541912 0.394771 0.014706 0.047059
0 0.587500 0.384314 0.016176 0.044444
0 0.577941 0.331373 0.010294 0.045752
0 0.561029 0.300654 0.011765 0.044444
0 0.518750 0.315033 0.013971 0.033987
0 0.518015 0.302614 0.012500 0.032680
0 0.515809 0.246405 0.009559 0.037908
0 0.496324 0.049020 0.005882 0.027451
0 0.484191 0.011111 0.005147 0.019608
0 0.479412 0.012418 0.004412 0.022222
0 0.419853 0.005882 0.004412 0.009150
