0 0.205147 0.962745 0.020588 0.074510
0 0.412500 0.330065 0.010294 0.027451
0 0.442279 0.286928 0.009559 0.022222
0 0.574632 0.154248 0.005147 0.031373
0 0.566912 0.098039 0.004412 0.023529
0 0.553309 0.070588 0.003676 0.018301
0 0.485294 0.087582 0.005882 0.013072
0 0.472794 0.029412 0.002941 0.016993
0 0.476103 0.028105 0.003676 0.016993
0 0.513971 0.046405 0.005882 0.022222
0 0.497059 0.006536 0.005882 0.010458
0 0.530882 0.014379 0.002941 0.013072
0 0.531985 0.004575 0.006618 0.006536
0 0.537500 0.056863 0.004412 0.019608
