0 0.302941 0.678431 0.005882 0.026144
0 0.317279 0.746405 0.009559 0.052288
0 0.565441 0.811765 0.016176 0.057516
0 0.677574 0.745098 0.008088 0.031373
0 0.700000 0.780392 0.008824 0.052288
0 0.695221 0.784314 0.009559 0.049673
0 0.634559 0.492157 0.007353 0.032680
0 0.618750 0.404575 0.005147 0.024837
0 0.591544 0.352941 0.006618 0.020915
0 0.545956 0.449020 0.005147 0.024837
0 0.494485 0.449020 0.006618 0.027451
0 0.581250 0.278431 0.003676 0.013072
0 0.526471 0.280392 0.002941 0.014379
0 0.520588 0.160784 0.001471 0.005229
0 0.510662 0.167974 0.000735 0.006536
0 0.513235 0.170588 0.001471 0.006536
0 0.517279 0.188235 0.002206 0.007843
0 0.508088 0.182353 0.001471 0.003922
0 0.521691 0.198039 0.002206 0.006536
0 0.518750 0.211111 0.002206 0.006536
0 0.517279 0.214379 0.002206 0.007843
0 0.510662 0.215033 0.000735 0.006536
0 0.509926 0.236601 0.002206 0.007843
