0 0.261765 0.511765 0.016176 0.053595
0 0.314338 0.433987 0.012500 0.033987
0 0.323529 0.343137 0.011765 0.040523
0 0.739706 0.117647 0.005882 0.031373
0 0.733824 0.129412 0.008824 0.033987
0 0.722794 0.118954 0.004412 0.028758
0 0.669853 0.139869 0.005882 0.028758
0 0.556985 0.237908 0.009559 0.036601
0 0.497426 0.226797 0.008088 0.035294
0 0.520956 0.154902 0.006618 0.027451
0 0.490441 0.113072 0.007353 0.024837
0 0.409926 0.218954 0.009559 0.040523
0 0.382353 0.186275 0.007353 0.022222
0 0.353676 0.183007 0.004412 0.018301
0 0.355515 0.188235 0.008088 0.033987
0 0.338971 0.211765 0.010294 0.028758
0 0.397426 0.063399 0.005147 0.016993
0 0.384559 0.049020 0.002941 0.016993
0 0.406985 0.015686 0.003676 0.010458
