0 0.452048 0.022860 0.054291 0.035845
0 0.488622 0.043160 0.048765 0.031822
0 0.563557 0.089612 0.038036 0.051939
0 0.492523 0.077268 0.053966 0.038588
0 0.491710 0.106163 0.043888 0.036759
0 0.406860 0.069678 0.047139 0.045721
0 0.492035 0.132590 0.036736 0.025969
0 0.507640 0.150055 0.045189 0.039320
0 0.724155 0.214521 0.052341 0.027432
0 0.644993 0.210589 0.040312 0.034199
0 0.520644 0.187363 0.034785 0.025421
0 0.507640 0.212783 0.047139 0.032004
0 0.502926 0.237655 0.036411 0.032004
0 0.543401 0.243233 0.032835 0.035113
0 0.573309 0.260333 0.029584 0.031273
0 0.509590 0.272403 0.032835 0.038588
0 0.539012 0.284931 0.029259 0.023043
0 0.553316 0.304865 0.026658 0.031090
0 0.519993 0.306236 0.044538 0.022129
0 0.585501 0.337783 0.031860 0.028164
0 0.523570 0.327359 0.043888 0.019020
0 0.494798 0.339064 0.042263 0.032919
0 0.433680 0.321141 0.045514 0.036576
0 0.433192 0.287948 0.038687 0.027981
0 0.872399 0.330011 0.056892 0.032370
0 0.477568 0.356712 0.028609 0.028713
0 0.517393 0.367502 0.043888 0.026152
0 0.554616 0.371434 0.048114 0.021580
0 0.554616 0.389356 0.045514 0.023409
0 0.591352 0.408650 0.030559 0.023226
0 0.534785 0.406181 0.045514 0.024506
0 0.456112 0.405541 0.042263 0.027615
0 0.753901 0.435168 0.052666 0.021397
0 0.699772 0.435260 0.041938 0.028164
0 0.662874 0.431693 0.033810 0.020666
0 0.629064 0.434071 0.044213 0.022495
0 0.730007 0.456383 0.062094 0.024689
0 0.547139 0.424287 0.042263 0.020117
0 0.552341 0.444587 0.057217 0.020849
0 0.555429 0.464704 0.073797 0.020117
0 0.446521 0.455743 0.060143 0.031090
0 0.690995 0.478969 0.040637 0.025604
0 0.643368 0.476408 0.044863 0.019020
0 0.652633 0.495611 0.039987 0.018654
0 0.718140 0.507498 0.041612 0.023775
0 0.709525 0.529627 0.044538 0.021580
0 0.558518 0.496708 0.053316 0.024140
0 0.514629 0.506767 0.051365 0.031090
0 0.619148 0.514539 0.056892 0.024323
0 0.666125 0.541514 0.038362 0.028895
0 0.601593 0.541331 0.052991 0.025238
0 0.590052 0.560534 0.045514 0.021214
0 0.614272 0.576170 0.049740 0.019934
0 0.580624 0.588332 0.050715 0.023409
0 0.587126 0.608998 0.068270 0.019751
0 0.644993 0.600128 0.053966 0.026518
0 0.662061 0.624360 0.050390 0.023775
0 0.570546 0.622257 0.046164 0.022860
0 0.552341 0.633047 0.048765 0.025786
0 0.536248 0.650969 0.055592 0.022495
0 0.503251 0.648958 0.054616 0.026152
0 0.598667 0.675750 0.040637 0.028530
0 0.556892 0.689283 0.050065 0.025238
0 0.508290 0.677121 0.037386 0.026884
0 0.511053 0.699525 0.065020 0.021580
0 0.502601 0.721562 0.055917 0.020300
0 0.610696 0.744971 0.033485 0.037125
0 0.495449 0.737838 0.040962 0.015545
0 0.490735 0.755395 0.032835 0.022129
0 0.501788 0.780176 0.057542 0.024872
0 0.665150 0.778255 0.039012 0.034565
0 0.690507 0.792520 0.043563 0.040051
0 0.495449 0.807334 0.051365 0.032370
0 0.518693 0.833303 0.038687 0.025055
0 0.465540 0.814100 0.040962 0.033833
0 0.450910 0.844093 0.063069 0.029444
0 0.455949 0.864850 0.058192 0.030358
0 0.517555 0.890819 0.031860 0.041331
0 0.455624 0.892557 0.054291 0.036028
0 0.451073 0.916514 0.048440 0.027981
0 0.518856 0.952451 0.031860 0.047549
0 0.447984 0.937180 0.055267 0.022495
0 0.455949 0.962235 0.047789 0.041149
0 0.843628 0.576719 0.047464 0.019568