0 0.786920 0.560127 0.037975 0.113924
0 0.768987 0.515823 0.040084 0.056962
0 0.750000 0.588608 0.052743 0.126582
0 0.705696 0.544304 0.044304 0.120253
0 0.679325 0.455696 0.067511 0.107595
0 0.617089 0.392405 0.040084 0.113924
0 0.608650 0.299051 0.035865 0.098101
0 0.575949 0.341772 0.063291 0.101266
0 0.545359 0.457278 0.052743 0.142405
0 0.504219 0.403481 0.046414 0.104430
0 0.508439 0.341772 0.042194 0.044304
0 0.408228 0.503165 0.052743 0.170886
0 0.216245 0.466772 0.069620 0.167722
0 0.252110 0.693038 0.069620 0.177215
0 0.093882 0.558544 0.107595 0.186709
0 0.333333 0.879747 0.088608 0.196203
0 0.039030 0.859177 0.073840 0.123418
0 0.035865 0.958861 0.067511 0.075949
0 0.047468 0.745253 0.090717 0.193038