0 0.529961 0.435555 0.010806 0.007181
0 0.538802 0.445314 0.008186 0.006813
0 0.529142 0.450838 0.009823 0.006813
0 0.600524 0.486927 0.013098 0.004971
0 0.509987 0.504235 0.006221 0.007181
0 0.534545 0.528172 0.008841 0.007549
0 0.552554 0.555975 0.012115 0.008654
0 0.555174 0.588105 0.017354 0.010311
0 0.542076 0.604769 0.021284 0.009759
0 0.533563 0.610201 0.022593 0.009943
0 0.579731 0.654207 0.010806 0.007733
0 0.568107 0.664426 0.012443 0.008654
0 0.566306 0.673265 0.013425 0.009022
0 0.585462 0.680446 0.009823 0.007181
0 0.363294 0.427914 0.008186 0.003683
0 0.359037 0.422022 0.007531 0.004419
0 0.388834 0.484901 0.009496 0.006076
0 0.391618 0.491806 0.010478 0.006629
0 0.383432 0.496133 0.008513 0.007181
0 0.396693 0.503498 0.010806 0.006813
0 0.412246 0.509851 0.009823 0.008470
0 0.383923 0.505616 0.010806 0.006629
0 0.397511 0.510771 0.009823 0.007365
0 0.390963 0.516572 0.014407 0.005708
0 0.407171 0.520622 0.011460 0.007181
0 0.389653 0.522003 0.011133 0.005156
0 0.395219 0.525686 0.012443 0.005892
0 0.391618 0.532038 0.010478 0.005708
0 0.399804 0.537378 0.011788 0.007918
0 0.425016 0.546861 0.011788 0.006260
0 0.411264 0.557724 0.015717 0.007365
0 0.426326 0.556896 0.010478 0.007181
0 0.530288 0.623734 0.010806 0.006076
0 0.510314 0.632296 0.011460 0.006260
0 0.521284 0.636439 0.011788 0.007549
0 0.502947 0.639017 0.010478 0.006076
0 0.462181 0.620052 0.015390 0.005708
0 0.413883 0.610937 0.009168 0.008838
0 0.406516 0.620880 0.011460 0.009575
0 0.392764 0.629074 0.011460 0.006813
0 0.396693 0.648315 0.010151 0.007365
0 0.447282 0.674001 0.011788 0.008286
0 0.462017 0.678236 0.008513 0.007918
0 0.400458 0.697754 0.011133 0.006813
0 0.405370 0.706960 0.011788 0.006076
0 0.445481 0.861259 0.008186 0.009759
0 0.456942 0.864113 0.010806 0.012889
0 0.532908 0.877371 0.008841 0.010679
0 0.534054 0.886945 0.011133 0.006997
0 0.533399 0.893206 0.009823 0.006260
0 0.530779 0.898545 0.018337 0.006629
0 0.531598 0.906003 0.012770 0.007181
0 0.529142 0.917326 0.010478 0.015467
0 0.522430 0.928466 0.012115 0.007918
0 0.517027 0.882802 0.011788 0.016019
0 0.494761 0.891088 0.013098 0.013810
0 0.496234 0.936108 0.019319 0.016940
0 0.542403 0.970816 0.010806 0.008654
0 0.540766 0.980482 0.010806 0.008470
0 0.540111 0.991714 0.014735 0.012152
0 0.512934 0.997146 0.007531 0.005708
0 0.367387 0.525226 0.015717 0.008286
0 0.353471 0.518045 0.016699 0.006444
0 0.347741 0.526791 0.013752 0.007365
0 0.344794 0.514822 0.010478 0.003314
0 0.339227 0.520991 0.011133 0.004603
0 0.328585 0.523200 0.010151 0.006813
0 0.330878 0.515927 0.009496 0.005524
0 0.332351 0.510679 0.009168 0.006813
0 0.332515 0.502762 0.008841 0.004235
0 0.319908 0.501289 0.013098 0.006813
0 0.320563 0.508378 0.011788 0.006629
0 0.311231 0.509298 0.009496 0.004419
0 0.308284 0.516756 0.012770 0.007181
0 0.293549 0.508378 0.016699 0.008838
0 0.305174 0.503867 0.010478 0.006444
0 0.307466 0.497790 0.015062 0.007549