0 0.111814 0.058544 0.084388 0.110759
0 0.175105 0.090190 0.059072 0.148734
0 0.229958 0.125000 0.067511 0.142405
0 0.212025 0.227848 0.061181 0.120253
0 0.341772 0.148734 0.042194 0.113924
0 0.280591 0.273734 0.067511 0.117089
0 0.267932 0.356013 0.063291 0.104430
0 0.133966 0.318038 0.078059 0.136076
0 0.392405 0.196203 0.042194 0.113924
0 0.380802 0.256329 0.044304 0.120253
0 0.434599 0.199367 0.033755 0.139241
0 0.300633 0.558544 0.061181 0.098101
0 0.304852 0.640823 0.065401 0.110759
0 0.374473 0.488924 0.044304 0.104430
0 0.425105 0.409810 0.044304 0.117089
0 0.495781 0.471519 0.029536 0.107595
0 0.547468 0.439873 0.040084 0.101266
0 0.434599 0.634494 0.050633 0.085443
0 0.484177 0.607595 0.056962 0.101266
0 0.475738 0.082278 0.040084 0.113924
0 0.505274 0.061709 0.044304 0.117089
0 0.616034 0.120253 0.046414 0.107595
0 0.592827 0.223101 0.050633 0.110759
0 0.563291 0.291139 0.042194 0.113924
0 0.613924 0.420886 0.050633 0.126582
0 0.683544 0.526899 0.054852 0.072785
0 0.687764 0.620253 0.046414 0.075949
0 0.638186 0.642405 0.052743 0.088608
0 0.700422 0.780063 0.054852 0.066456
0 0.627637 0.734177 0.052743 0.063291
0 0.621308 0.794304 0.052743 0.075949
0 0.584388 0.651899 0.042194 0.088608
0 0.531646 0.699367 0.046414 0.069620
0 0.406118 0.756329 0.048523 0.082278
0 0.359705 0.708861 0.048523 0.069620
0 0.367089 0.800633 0.054852 0.082278
0 0.455696 0.875000 0.067511 0.079114