0 0.913426 0.670988 0.052778 0.238272
0 0.882407 0.653086 0.044444 0.219753
0 0.728704 0.880864 0.125926 0.238272
0 0.770370 0.601852 0.059259 0.196296
0 0.410648 0.688272 0.063889 0.277778
0 0.601852 0.380864 0.009259 0.028395
0 0.620833 0.379630 0.012037 0.025926
0 0.580556 0.385185 0.011111 0.044444
0 0.587037 0.366667 0.011111 0.014815
0 0.465741 0.356790 0.009259 0.039506
0 0.430093 0.309259 0.002778 0.013580
0 0.387500 0.316667 0.004630 0.016049
0 0.412500 0.348148 0.006481 0.039506
0 0.422222 0.364815 0.014815 0.025926
0 0.419444 0.398765 0.014815 0.069136
0 0.398148 0.394444 0.014815 0.070370
0 0.375926 0.318519 0.007407 0.024691
0 0.369907 0.319753 0.006481 0.022222
0 0.361111 0.316049 0.005556 0.019753
0 0.382407 0.341358 0.014815 0.033333
0 0.374537 0.364815 0.015741 0.048148
0 0.367593 0.346296 0.009259 0.040741
0 0.360185 0.355556 0.011111 0.044444
0 0.355093 0.346914 0.008333 0.039506
0 0.347685 0.358025 0.010185 0.049383
0 0.340278 0.363580 0.008333 0.055556
0 0.329630 0.361111 0.011111 0.050617
0 0.329167 0.333951 0.013889 0.020988
0 0.312037 0.360494 0.011111 0.046914
0 0.303704 0.357407 0.007407 0.055556
0 0.286574 0.374074 0.012037 0.022222
0 0.262500 0.348765 0.010185 0.053086