0 0.846898 0.066691 0.038715 0.057659
0 0.915970 0.065949 0.043995 0.055184
0 0.952706 0.059886 0.043555 0.046028
0 0.882094 0.392972 0.060713 0.033160
0 0.884734 0.427246 0.057193 0.021529
0 0.947426 0.489359 0.038275 0.027468
0 0.909151 0.496412 0.039155 0.041574
0 0.851958 0.472903 0.058513 0.016828
0 0.919050 0.551225 0.050154 0.024994
0 0.992961 0.663573 0.014078 0.017570
0 0.662341 0.627073 0.058513 0.029696
0 0.583370 0.690671 0.053674 0.025736
0 0.573911 0.740287 0.029476 0.025984
0 0.527497 0.647241 0.041355 0.026479
0 0.472063 0.541698 0.026397 0.021282
0 0.371975 0.490349 0.026837 0.020539
0 0.291685 0.428483 0.036956 0.021034
0 0.150462 0.326776 0.036956 0.027468
0 0.254949 0.321703 0.034756 0.022767
0 0.180158 0.538233 0.049714 0.018807
0 0.183678 0.558649 0.061153 0.022024
0 0.389573 0.835066 0.062033 0.029448
0 0.665860 0.886909 0.039155 0.031180
0 0.975363 0.915615 0.049274 0.041574
0 0.912670 0.954838 0.047954 0.040337
0 0.851958 0.921059 0.046194 0.032170
0 0.989441 0.783222 0.021117 0.026231