0 0.611053 0.033346 0.007695 0.004918
0 0.620672 0.046134 0.010843 0.007673
0 0.602658 0.042691 0.011193 0.006295
0 0.611927 0.038855 0.008744 0.005705
0 0.388073 0.102105 0.013641 0.006689
0 0.399265 0.173421 0.015040 0.007673
0 0.422350 0.282018 0.014341 0.006492
0 0.427597 0.300708 0.011542 0.006492
0 0.406086 0.190931 0.009794 0.007279
0 0.391221 0.119123 0.011542 0.006492
0 0.404337 0.379992 0.009794 0.005705
0 0.391221 0.391698 0.010843 0.007869
0 0.401189 0.396026 0.013291 0.008263
0 0.396467 0.757820 0.010143 0.005509
0 0.382302 0.753492 0.011193 0.007082
0 0.397342 0.752213 0.010493 0.006492
0 0.394718 0.748279 0.009444 0.005705
0 0.367261 0.970293 0.009094 0.005902
0 0.371808 0.988098 0.014690 0.006886
0 0.597936 0.681094 0.010143 0.004722
0 0.589192 0.685815 0.009444 0.005509
0 0.598286 0.687389 0.006646 0.005902
0 0.597062 0.691914 0.012592 0.004328
0 0.588667 0.689849 0.008395 0.002951
0 0.586394 0.692013 0.008744 0.005312
0 0.597587 0.698603 0.012242 0.005902
0 0.584645 0.696537 0.012242 0.005705
0 0.643757 0.297462 0.010843 0.005509
0 0.633963 0.302380 0.010843 0.004722
0 0.644281 0.302282 0.006296 0.004131
0 0.645855 0.306020 0.008045 0.004131
0 0.649703 0.312906 0.007345 0.006099
0 0.650227 0.320873 0.006995 0.003541
0 0.632214 0.321365 0.012242 0.004918
0 0.635537 0.312807 0.013291 0.005509
0 0.611403 0.354712 0.010493 0.006689
0 0.607205 0.347138 0.011193 0.004525
0 0.608080 0.340055 0.008744 0.005705
0 0.596712 0.340153 0.011193 0.005115
0 0.598811 0.343793 0.009094 0.003344
0 0.600035 0.349695 0.009444 0.005705
0 0.596362 0.354613 0.007695 0.004131
0 0.538650 0.342613 0.013991 0.005312
0 0.528157 0.360811 0.011193 0.005902
0 0.543547 0.359532 0.010493 0.004918
0 0.535152 0.356089 0.011193 0.004328
0 0.530255 0.348810 0.013291 0.006295
0 0.590416 0.468916 0.011892 0.003738
0 0.580972 0.471178 0.009794 0.005509
0 0.595313 0.474228 0.013291 0.004525
0 0.588492 0.479245 0.012942 0.003148
0 0.579398 0.482097 0.010843 0.004918
0 0.595663 0.482196 0.009794 0.004328
0 0.646555 0.497442 0.008045 0.006099
0 0.643931 0.501279 0.006995 0.003148
0 0.635362 0.494000 0.009444 0.004328
0 0.627142 0.497934 0.006995 0.006295
0 0.633788 0.499508 0.009094 0.004328
0 0.633438 0.504623 0.008395 0.007082
0 0.649178 0.507181 0.008395 0.004722
0 0.643757 0.510132 0.008744 0.004722
0 0.633438 0.510132 0.011193 0.005115
0 0.632564 0.515149 0.010143 0.004131
0 0.649528 0.513575 0.007695 0.005312
0 0.572228 0.522821 0.015390 0.004131
0 0.577824 0.528526 0.006995 0.006886
0 0.563484 0.525871 0.007695 0.005115
0 0.568905 0.529904 0.010143 0.004131
0 0.577650 0.535215 0.008045 0.006099