0 0.046149 0.014346 0.036399 0.022113
0 0.039487 0.031250 0.039974 0.022661
0 0.042411 0.043860 0.028924 0.021564
0 0.041111 0.065607 0.035424 0.022661
0 0.046961 0.085161 0.028924 0.022661
0 0.032499 0.098867 0.022749 0.024854
0 0.047774 0.112939 0.033149 0.018640
0 0.026324 0.129020 0.031199 0.027412
0 0.058174 0.138889 0.042249 0.031067
0 0.052161 0.153692 0.042574 0.024854
0 0.023399 0.166849 0.029899 0.028143
0 0.044361 0.178271 0.032174 0.023209
0 0.686383 0.011513 0.055899 0.022661
0 0.987488 0.007767 0.025024 0.015168
0 0.971401 0.528692 0.028599 0.029240
0 0.969288 0.562683 0.044524 0.020833
0 0.960188 0.616319 0.044524 0.019920
0 0.959864 0.671510 0.049074 0.020285
0 0.988950 0.686678 0.022099 0.016630
0 0.962788 0.701115 0.043224 0.024671
0 0.959701 0.719755 0.045499 0.023940
0 0.959864 0.740406 0.041274 0.026864
0 0.960351 0.771016 0.038999 0.029240
0 0.956451 0.861020 0.046149 0.034174
0 0.956614 0.886422 0.045174 0.038560
0 0.953526 0.921601 0.041599 0.034722
0 0.953039 0.941795 0.046474 0.042946
0 0.954664 0.967105 0.043224 0.041301
0 0.881215 0.877102 0.025024 0.021016
0 0.870328 0.877102 0.042249 0.029423
0 0.851479 0.887244 0.042249 0.034357
0 0.878778 0.902869 0.038349 0.027230
0 0.897953 0.922697 0.037699 0.035453
0 0.804842 0.935307 0.028924 0.032895
0 0.774943 0.958333 0.030224 0.041667
0 0.599285 0.923977 0.039649 0.037281
0 0.535099 0.904971 0.028924 0.035819
0 0.021287 0.199561 0.036074 0.025585
0 0.043874 0.198465 0.026649 0.010234
0 0.049561 0.217197 0.029574 0.026133
0 0.183133 0.405976 0.041274 0.023575
0 0.052974 0.238852 0.025349 0.021199
0 0.051999 0.259868 0.040299 0.020833
0 0.055574 0.279788 0.035749 0.019371
0 0.036399 0.281981 0.053299 0.024854
0 0.052649 0.300804 0.035749 0.020833
0 0.057036 0.324561 0.048424 0.024854
0 0.043224 0.351151 0.024699 0.019920
0 0.058986 0.351425 0.021124 0.013523
0 0.058174 0.366959 0.033799 0.010599
0 0.014950 0.370157 0.026649 0.015899
0 0.048099 0.374543 0.028599 0.021016
0 0.042574 0.394189 0.041599 0.018640
0 0.029249 0.405336 0.034449 0.014985
0 0.062073 0.414839 0.043549 0.020833
0 0.061423 0.435398 0.053299 0.016265
0 0.058499 0.451754 0.031199 0.014620
0 0.058499 0.467471 0.038999 0.017909
0 0.060773 0.468476 0.026649 0.009320
0 0.020149 0.478162 0.039649 0.021382
0 0.063861 0.488578 0.038024 0.019189
0 0.060286 0.497990 0.041924 0.016082
0 0.045824 0.513432 0.034449 0.016265
0 0.046311 0.529148 0.036724 0.015899
0 0.062073 0.542855 0.034449 0.014437
0 0.021774 0.548337 0.042899 0.024306
0 0.041274 0.560398 0.034449 0.021747
0 0.124147 0.547515 0.015600 0.017544
0 0.172408 0.561952 0.061423 0.014620
0 0.041924 0.580958 0.050049 0.020102
0 0.048261 0.594755 0.030874 0.011879
0 0.041111 0.608004 0.052324 0.014620
0 0.060936 0.623355 0.036074 0.020468
0 0.054599 0.645559 0.034449 0.023209
0 0.039974 0.680007 0.048749 0.026681
0 0.051186 0.706871 0.032824 0.025219
0 0.054599 0.727156 0.033149 0.018275
0 0.055736 0.742599 0.038024 0.018458
0 0.050536 0.771199 0.037374 0.023757
0 0.020474 0.761970 0.040299 0.024671
0 0.044686 0.796601 0.031524 0.018640
0 0.013487 0.788834 0.026324 0.021016
0 0.037374 0.815881 0.039649 0.025037
0 0.039487 0.836075 0.038674 0.016813
0 0.041599 0.852339 0.037699 0.021199
0 0.048586 0.875000 0.043874 0.024488
0 0.045499 0.897478 0.037049 0.020102
0 0.050211 0.921966 0.037374 0.022661
0 0.053299 0.942617 0.037699 0.021564
0 0.046311 0.958059 0.031524 0.024306
0 0.020312 0.975512 0.039974 0.028509
0 0.028437 0.990954 0.045824 0.018092
0 0.242281 0.989857 0.034774 0.020285