0 0.522905 0.347183 0.010298 0.009988
0 0.454901 0.353676 0.013494 0.007391
0 0.544567 0.377547 0.011719 0.007591
0 0.487571 0.384039 0.009943 0.008989
0 0.549006 0.386836 0.013494 0.006992
0 0.545277 0.393927 0.013849 0.009189
0 0.555575 0.413504 0.011719 0.007591
0 0.521662 0.414003 0.012784 0.006992
0 0.512074 0.418098 0.016335 0.007591
0 0.537109 0.433680 0.012429 0.009189
0 0.486328 0.439772 0.010298 0.010987
0 0.535689 0.444067 0.015270 0.008789
0 0.552912 0.456652 0.012784 0.009189
0 0.505859 0.455653 0.016690 0.006792
0 0.543146 0.474830 0.011719 0.006392
0 0.508878 0.468738 0.016335 0.008590
0 0.551669 0.480623 0.011719 0.006392
0 0.530007 0.485118 0.010298 0.006193
0 0.541903 0.490312 0.009943 0.004994
0 0.522905 0.491710 0.009588 0.006193
0 0.532848 0.494507 0.009588 0.005394
0 0.524680 0.499900 0.008878 0.006193
0 0.533203 0.508789 0.013849 0.004395
0 0.535334 0.513584 0.014560 0.005194
0 0.546520 0.519976 0.009233 0.005993
0 0.488814 0.511286 0.010298 0.006193
0 0.506570 0.511686 0.011719 0.007391
0 0.513672 0.525869 0.010298 0.004594
0 0.513672 0.530963 0.011009 0.005993
0 0.548118 0.555034 0.009588 0.006193
0 0.526811 0.591990 0.013139 0.005793
0 0.524148 0.597883 0.012784 0.005993
0 0.513139 0.573212 0.010653 0.005394
0 0.543324 0.606073 0.012784 0.007191
0 0.519709 0.605274 0.021662 0.007191
0 0.537109 0.613364 0.013139 0.005394
0 0.523082 0.612565 0.011364 0.005793
0 0.523970 0.619457 0.013139 0.005993
0 0.536577 0.618558 0.009943 0.004594
0 0.541193 0.621954 0.015625 0.012585
0 0.522195 0.625250 0.013849 0.005993
0 0.523793 0.632141 0.014205 0.007391
0 0.540483 0.631842 0.014915 0.005993
0 0.540305 0.637335 0.013139 0.006992
0 0.524503 0.639333 0.013494 0.005793
0 0.535334 0.648322 0.015980 0.010188
0 0.526811 0.661706 0.011009 0.006592
0 0.519886 0.667000 0.012074 0.005194
0 0.520952 0.671394 0.012784 0.004794
0 0.536754 0.676288 0.008878 0.006193
0 0.521484 0.676089 0.015270 0.004994
0 0.519531 0.681682 0.010653 0.005394
0 0.518643 0.686376 0.015980 0.005593
0 0.520241 0.693168 0.021307 0.007591
0 0.507280 0.597283 0.011719 0.004794
0 0.496094 0.600979 0.009233 0.004994
0 0.504972 0.604375 0.009233 0.005394
0 0.486861 0.601578 0.008523 0.004195
0 0.477273 0.600479 0.009943 0.003995
0 0.462891 0.601179 0.008878 0.004195
0 0.470703 0.604674 0.008878 0.004395
0 0.495206 0.608869 0.008168 0.005993
0 0.487216 0.606672 0.008523 0.004395
0 0.475142 0.609369 0.009943 0.004594
0 0.483842 0.611766 0.010298 0.005394
0 0.482777 0.618857 0.013139 0.006792
0 0.464844 0.609069 0.009233 0.005194
0 0.464844 0.617459 0.011364 0.005593
0 0.500533 0.635537 0.012429 0.005793
0 0.501243 0.649620 0.008168 0.006392
0 0.490234 0.652317 0.011719 0.005793
0 0.493075 0.663504 0.010298 0.007791
0 0.499467 0.674091 0.015980 0.006193
0 0.498047 0.681282 0.013849 0.007391
0 0.478871 0.677986 0.013139 0.007591
0 0.461825 0.624051 0.011719 0.005593
0 0.467507 0.691470 0.011009 0.006592
0 0.442472 0.411207 0.015625 0.006592
0 0.445845 0.417399 0.017401 0.005394
0 0.444602 0.431582 0.017756 0.009389
0 0.424361 0.420196 0.014205 0.006193
0 0.422940 0.426888 0.015625 0.006392
0 0.426136 0.433380 0.017756 0.005793
0 0.423828 0.451658 0.012429 0.007990
0 0.439986 0.463044 0.013494 0.006792
0 0.439631 0.468338 0.017045 0.003795
0 0.439631 0.473432 0.015625 0.006792
0 0.439098 0.480224 0.016690 0.005593
0 0.439808 0.486916 0.018111 0.007391
0 0.438210 0.499101 0.017045 0.006193
0 0.435724 0.505793 0.019176 0.006392
0 0.435547 0.513284 0.018821 0.006592
0 0.435724 0.520675 0.017045 0.007391
0 0.420987 0.528965 0.013139 0.007191
0 0.433949 0.528965 0.013494 0.006792
0 0.435724 0.536157 0.017045 0.007591
0 0.433594 0.557431 0.013494 0.006193
0 0.430753 0.563024 0.013494 0.006992
0 0.430220 0.571215 0.019531 0.005793
0 0.428800 0.575809 0.015270 0.005394
0 0.446555 0.582301 0.011719 0.005993
0 0.450107 0.589193 0.011009 0.004594
0 0.453125 0.595386 0.009943 0.005394
0 0.429510 0.581103 0.013849 0.005194
0 0.429865 0.586496 0.016690 0.005194
0 0.430220 0.593188 0.011719 0.005793
0 0.429510 0.599680 0.011719 0.006392
0 0.421342 0.601978 0.009588 0.004994
0 0.451527 0.606272 0.011719 0.005593
0 0.441406 0.608470 0.010653 0.005993
0 0.424361 0.607072 0.014915 0.005194
0 0.430930 0.613763 0.010298 0.006592
0 0.419922 0.612865 0.011009 0.005194
0 0.454190 0.617259 0.009943 0.006392
0 0.445490 0.618957 0.012429 0.005394
0 0.423118 0.618957 0.017401 0.004994
0 0.445490 0.625150 0.012429 0.006592
0 0.428267 0.624351 0.017045 0.006193
0 0.421520 0.628346 0.017756 0.007791
0 0.449219 0.631642 0.012784 0.006392
0 0.456676 0.638234 0.011364 0.006792
0 0.457741 0.647123 0.009943 0.007791
0 0.440163 0.651818 0.011009 0.006792
0 0.407493 0.648022 0.013139 0.008390
0 0.441051 0.662305 0.010653 0.008190
0 0.404297 0.658909 0.014560 0.007791
0 0.401456 0.666700 0.014560 0.006992
0 0.423473 0.663304 0.013849 0.008989
0 0.456676 0.667699 0.009943 0.006592
0 0.441584 0.671394 0.009588 0.007191
0 0.422408 0.670595 0.012429 0.005993
0 0.407670 0.679285 0.012784 0.008190
0 0.421342 0.677187 0.011719 0.007191
0 0.427557 0.684179 0.016335 0.007191
0 0.416903 0.689073 0.012074 0.008190