0 0.123857 0.016757 0.060213 0.032677
0 0.202363 0.009217 0.040396 0.017595
0 0.358232 0.037495 0.074695 0.061584
0 0.784680 0.018224 0.057165 0.035610
0 0.816692 0.037704 0.078506 0.074571
0 0.861280 0.052995 0.053354 0.044826
0 0.864329 0.079807 0.062500 0.043988
0 0.945122 0.085253 0.079268 0.047340
0 0.759146 0.114370 0.071646 0.055300
0 0.872332 0.123167 0.064787 0.049434
0 0.833079 0.161081 0.073171 0.049016
0 0.897485 0.177000 0.061738 0.051529
0 0.644817 0.139925 0.083841 0.056137
0 0.487424 0.090071 0.076982 0.053624
0 0.291540 0.101173 0.081555 0.053205
0 0.889101 0.227482 0.073933 0.043569
0 0.396341 0.109761 0.071646 0.047759
0 0.303354 0.147256 0.071646 0.049016
0 0.388720 0.150189 0.050305 0.056556
0 0.369284 0.189987 0.069360 0.049016
0 0.844893 0.272308 0.069360 0.037704
0 0.914253 0.271680 0.095274 0.038961
0 0.913491 0.316716 0.066311 0.044407
0 0.968750 0.315668 0.062500 0.034772
0 0.975610 0.337453 0.048780 0.031420
0 0.344512 0.243821 0.071646 0.045245
0 0.336509 0.286762 0.119665 0.062421
0 0.304497 0.321324 0.073933 0.044407
0 0.140244 0.315459 0.070122 0.037704
0 0.579649 0.278383 0.080030 0.039799
0 0.440549 0.272518 0.059451 0.032258
0 0.456555 0.306661 0.057927 0.036866
0 0.598323 0.351068 0.074695 0.041894
0 0.476372 0.344156 0.050305 0.045664
0 0.512195 0.301215 0.096037 0.117302
0 0.985899 0.425429 0.028201 0.032258
0 0.135290 0.372643 0.087652 0.030582
0 0.049162 0.409091 0.069360 0.042313
0 0.194360 0.410138 0.096037 0.033515
0 0.084604 0.453289 0.076220 0.040218
0 0.150915 0.452870 0.155488 0.095517
0 0.668826 0.452451 0.075457 0.031001
0 0.784680 0.490364 0.067835 0.040637
0 0.929878 0.500628 0.083841 0.025974
0 0.678735 0.491831 0.067835 0.053624
0 0.635671 0.505237 0.080793 0.026812
0 0.698552 0.533515 0.073933 0.028907
0 0.822027 0.558860 0.089177 0.027650
0 0.948171 0.578760 0.086890 0.036447
0 0.871570 0.593842 0.093750 0.030582
0 0.705412 0.567658 0.072409 0.040218
0 0.639101 0.573942 0.063262 0.040218
0 0.386814 0.418517 0.057165 0.035191
0 0.522485 0.421240 0.081555 0.026393
0 0.547256 0.462086 0.076220 0.025974
0 0.410442 0.457059 0.073933 0.057813
0 0.451982 0.417470 0.094512 0.112694
0 0.487424 0.495811 0.061738 0.038123
0 0.425305 0.511311 0.070122 0.028907
0 0.408918 0.532468 0.048018 0.031001
0 0.448552 0.557604 0.052591 0.030163
0 0.469512 0.587977 0.065549 0.033096
0 0.527058 0.563259 0.159299 0.096774
0 0.130716 0.571429 0.060213 0.041894
0 0.202744 0.561165 0.080793 0.043150
0 0.240854 0.609761 0.077744 0.043150
0 0.278582 0.565563 0.078506 0.030163
0 0.339177 0.569124 0.053354 0.029744
0 0.324695 0.516129 0.083841 0.031001
0 0.385290 0.568705 0.069360 0.043988
0 0.317454 0.623377 0.040396 0.026812
0 0.331936 0.614160 0.054116 0.028488
0 0.427210 0.612065 0.090701 0.026812
0 0.448552 0.647047 0.104421 0.058232
0 0.368521 0.664013 0.057165 0.071219
0 0.402058 0.667784 0.048018 0.073733
0 0.302591 0.659196 0.062500 0.033934
0 0.343369 0.678467 0.075457 0.034772
0 0.241997 0.666318 0.070884 0.046502
0 0.154726 0.688521 0.077744 0.044826
0 0.290777 0.752828 0.105945 0.086301
0 0.300686 0.707164 0.078506 0.034353
0 0.346037 0.747382 0.070122 0.046083
0 0.400915 0.773146 0.067073 0.035610
0 0.512576 0.775660 0.060213 0.037285
0 0.451601 0.733557 0.066311 0.088814
0 0.492759 0.700042 0.072409 0.043569
0 0.578125 0.735023 0.087652 0.110180
0 0.548780 0.667365 0.076220 0.041894
0 0.597942 0.633850 0.076982 0.033515
0 0.621189 0.690825 0.050305 0.031001
0 0.644817 0.714705 0.060976 0.035191
0 0.668064 0.671135 0.058689 0.046083
0 0.752668 0.671764 0.080030 0.070800
0 0.701982 0.680352 0.086890 0.107248
0 0.731326 0.615207 0.081555 0.031420
0 0.828125 0.690197 0.057165 0.123586
0 0.903201 0.631546 0.064024 0.033934
0 0.895198 0.666527 0.069360 0.049434
0 0.905488 0.703812 0.064024 0.032677
0 0.876905 0.741726 0.057165 0.032258
0 0.978659 0.691244 0.042683 0.040218
0 0.947409 0.763720 0.079268 0.038542
0 0.988948 0.762882 0.022104 0.027650
0 0.690549 0.774612 0.062500 0.035191
0 0.608232 0.805404 0.070122 0.033096
0 0.664253 0.831169 0.066311 0.048597
0 0.746570 0.830540 0.083079 0.043150
0 0.471037 0.819439 0.057927 0.036866
0 0.359375 0.809594 0.067835 0.034772
0 0.298780 0.831588 0.057927 0.034353
0 0.217988 0.806452 0.079268 0.041894
0 0.203887 0.748848 0.093750 0.042313
0 0.131479 0.759531 0.072409 0.041056
0 0.047256 0.791160 0.076220 0.038123
0 0.245046 0.854629 0.080030 0.041894
0 0.357851 0.843109 0.052591 0.036447
0 0.319741 0.872225 0.060213 0.042731
0 0.431402 0.867616 0.079268 0.055300
0 0.959985 0.902597 0.080030 0.068287
0 0.272485 0.887097 0.058689 0.024717
0 0.228277 0.941558 0.070884 0.046502
0 0.855183 0.955593 0.080793 0.053624
0 0.564024 0.963134 0.073171 0.072895
0 0.217607 0.991831 0.063262 0.016339