0 0.673340 0.916016 0.024414 0.079427
0 0.633301 0.916016 0.020508 0.082031
0 0.601562 0.922526 0.013672 0.050781
0 0.628906 0.872396 0.029297 0.070312
0 0.996582 0.399740 0.006836 0.033854
0 0.935059 0.380208 0.010742 0.036458
0 0.895996 0.395182 0.006836 0.022135
0 0.850098 0.372396 0.012695 0.031250
0 0.791992 0.353516 0.009766 0.024740
0 0.774414 0.351562 0.009766 0.026042
0 0.662109 0.339844 0.007812 0.015625
0 0.567871 0.325521 0.004883 0.023438
0 0.565430 0.322917 0.003906 0.020833
0 0.557129 0.326172 0.004883 0.027344
0 0.548828 0.321615 0.005859 0.026042
0 0.543945 0.325521 0.007812 0.023438
0 0.530273 0.320964 0.005859 0.016927
0 0.512695 0.323568 0.007812 0.019531
0 0.476074 0.312500 0.004883 0.023438
0 0.469238 0.309245 0.008789 0.022135
0 0.424805 0.302083 0.007812 0.020833
0 0.406738 0.295573 0.006836 0.015625
0 0.399414 0.294271 0.005859 0.018229
0 0.314453 0.281901 0.005859 0.016927
0 0.978516 0.418620 0.007812 0.011719
0 0.913574 0.455729 0.012695 0.036458
0 0.889648 0.452474 0.013672 0.022135
0 0.799316 0.435547 0.010742 0.022135
0 0.794434 0.419271 0.006836 0.023438
0 0.713379 0.416667 0.010742 0.028646
0 0.700195 0.407552 0.007812 0.026042
0 0.996094 0.549479 0.007812 0.041667
0 0.989746 0.586589 0.012695 0.035156
0 0.967285 0.595052 0.012695 0.036458
0 0.952637 0.592448 0.016602 0.031250
0 0.948242 0.611328 0.013672 0.032552
0 0.963379 0.628906 0.012695 0.036458
0 0.927246 0.620443 0.014648 0.037760
0 0.972168 0.660156 0.012695 0.023438
0 0.944824 0.649089 0.010742 0.032552
0 0.930664 0.651693 0.015625 0.037760
0 0.916992 0.657552 0.011719 0.023438
0 0.912109 0.654297 0.013672 0.032552
0 0.897461 0.671224 0.009766 0.019531
0 0.871094 0.642578 0.021484 0.040365
0 0.907227 0.600260 0.013672 0.033854
0 0.902832 0.591146 0.018555 0.054688
0 0.892090 0.602214 0.016602 0.048177
0 0.788086 0.568359 0.011719 0.027344
0 0.682129 0.558594 0.008789 0.023438
0 0.647461 0.509766 0.007812 0.027344
0 0.623535 0.518880 0.008789 0.022135
0 0.616699 0.518229 0.008789 0.018229
0 0.583984 0.488932 0.009766 0.024740
0 0.579102 0.527344 0.011719 0.023438
0 0.541016 0.492188 0.005859 0.015625
0 0.529785 0.486328 0.006836 0.019531
0 0.516602 0.486979 0.009766 0.023438
0 0.494629 0.469401 0.008789 0.024740
0 0.478027 0.453125 0.008789 0.020833
0 0.470703 0.473307 0.005859 0.019531
0 0.446777 0.451823 0.008789 0.015625
0 0.434570 0.456380 0.007812 0.016927
0 0.387207 0.431641 0.006836 0.019531
0 0.092285 0.606120 0.014648 0.024740
0 0.230469 0.534505 0.005859 0.014323
0 0.191406 0.520182 0.013672 0.024740
0 0.186035 0.485677 0.008789 0.020833
0 0.167480 0.483724 0.010742 0.024740
0 0.173828 0.459635 0.015625 0.031250
0 0.154785 0.461589 0.008789 0.024740
0 0.144043 0.450521 0.010742 0.036458
0 0.104980 0.442057 0.014648 0.029948
0 0.087402 0.442057 0.006836 0.019531
0 0.082520 0.429036 0.008789 0.024740
0 0.068359 0.395833 0.009766 0.033854
0 0.061035 0.393880 0.010742 0.029948
0 0.043457 0.395833 0.006836 0.020833