0 0.709000 0.394065 0.024000 0.142433
0 0.693333 0.454599 0.038667 0.157864
0 0.658500 0.396142 0.026333 0.138279
0 0.651667 0.367953 0.018667 0.134125
0 0.621167 0.322552 0.026333 0.071810
0 0.618333 0.381602 0.026667 0.128190
0 0.550667 0.306825 0.030000 0.143620
0 0.560000 0.355490 0.032667 0.125816
0 0.604333 0.452522 0.038667 0.145401
0 0.661833 0.515134 0.029667 0.156677
0 0.621000 0.512760 0.033333 0.166172
0 0.610833 0.553709 0.028333 0.141246
0 0.544667 0.406825 0.026667 0.101484
0 0.521000 0.392582 0.026000 0.115727
0 0.594667 0.614837 0.038000 0.135312
0 0.564167 0.537982 0.029000 0.126409
0 0.579500 0.502077 0.035000 0.119881
0 0.471333 0.346291 0.044667 0.103858
0 0.506500 0.467656 0.040333 0.128190
0 0.463667 0.421958 0.028000 0.135312
0 0.424833 0.402077 0.042333 0.114540
0 0.376167 0.385460 0.039667 0.133531
0 0.569333 0.679228 0.038667 0.157270
0 0.529000 0.589911 0.028667 0.096142
0 0.527833 0.683680 0.057667 0.134125
0 0.494500 0.683976 0.045000 0.146588
0 0.498167 0.566766 0.035667 0.117507
0 0.464000 0.542136 0.048667 0.141840
0 0.429000 0.541246 0.048000 0.149555
0 0.389500 0.541840 0.059667 0.155490
0 0.363667 0.517804 0.044000 0.138279
0 0.325167 0.472700 0.048333 0.109792
0 0.449667 0.670326 0.040667 0.140653
0 0.410500 0.664095 0.041667 0.160237
0 0.368000 0.670030 0.052000 0.151929
0 0.336667 0.639466 0.043333 0.154896
0 0.317500 0.562315 0.057667 0.119288
0 0.295667 0.627893 0.049333 0.148368
0 0.267333 0.562908 0.039333 0.147774
0 0.244667 0.510682 0.031333 0.071810
0 0.234333 0.525519 0.046000 0.134718
0 0.227500 0.504451 0.057000 0.137685
0 0.200167 0.480119 0.042333 0.150742
0 0.297667 0.458457 0.033333 0.146588
0 0.303167 0.396736 0.040333 0.074184