0 0.531643 0.517420 0.073160 0.059328
0 0.452424 0.511235 0.077199 0.024741
0 0.394300 0.591265 0.059695 0.031810
0 0.538600 0.581924 0.063734 0.036354
0 0.597621 0.589371 0.041741 0.034082
0 0.580566 0.608432 0.041741 0.018177
0 0.573160 0.627114 0.037702 0.021207
0 0.571813 0.655138 0.028725 0.018682
0 0.572935 0.696415 0.050718 0.039132
0 0.412253 0.619036 0.041741 0.032315
0 0.416517 0.648069 0.033214 0.030800
0 0.601885 0.832744 0.037702 0.028023
0 0.591113 0.844357 0.034111 0.043676
0 0.569120 0.832492 0.027828 0.022974
0 0.560592 0.844357 0.035009 0.043171
0 0.534111 0.829841 0.036804 0.017167
0 0.519524 0.851426 0.051616 0.021459
0 0.500000 0.824792 0.034111 0.034335
0 0.503366 0.845872 0.029174 0.013885
0 0.473743 0.856602 0.082136 0.018177
0 0.467011 0.830851 0.037253 0.021712
0 0.443223 0.851931 0.043537 0.019944
0 0.441203 0.830472 0.035009 0.024489
0 0.398115 0.829841 0.054758 0.024236
0 0.397666 0.828579 0.029623 0.017672
0 0.382406 0.849912 0.036804 0.025499
0 0.415171 0.862661 0.032316 0.014643