0 0.287153 0.071711 0.017361 0.027632
0 0.246181 0.086184 0.015972 0.025000
0 0.214931 0.100658 0.018750 0.027632
0 0.185069 0.116447 0.014583 0.022368
0 0.326389 0.150658 0.015278 0.027632
0 0.293056 0.161842 0.016667 0.023684
0 0.254514 0.176316 0.021528 0.023684
0 0.223611 0.180263 0.012500 0.021053
0 0.193056 0.185526 0.009722 0.026316
0 0.151389 0.198026 0.013889 0.032895
0 0.329861 0.238816 0.018056 0.030263
0 0.297222 0.250000 0.018056 0.028947
0 0.262500 0.255263 0.020833 0.031579
0 0.230208 0.261184 0.014583 0.025000
0 0.201042 0.272368 0.011806 0.028947
0 0.158333 0.272368 0.011111 0.026316
0 0.166319 0.333553 0.010417 0.030263
0 0.202778 0.331579 0.012500 0.034211
0 0.236458 0.321711 0.011806 0.030263
0 0.271528 0.318421 0.013889 0.026316
0 0.306944 0.311842 0.016667 0.031579
0 0.336806 0.307895 0.019444 0.028947
0 0.316667 0.375000 0.020833 0.028947
0 0.277083 0.390132 0.013889 0.032895
0 0.239931 0.398684 0.014583 0.031579
0 0.210417 0.403947 0.011111 0.031579
0 0.755903 0.160526 0.009028 0.013158
0 0.726736 0.161184 0.010417 0.014474
0 0.713889 0.194079 0.011111 0.017105
0 0.704861 0.220395 0.011111 0.014474
0 0.697569 0.248684 0.009028 0.015789
0 0.698611 0.300658 0.011111 0.019737
0 0.713194 0.269737 0.009722 0.013158
0 0.723958 0.248684 0.011806 0.018421
0 0.735764 0.223684 0.013194 0.021053
0 0.747569 0.190132 0.010417 0.014474
0 0.773958 0.192105 0.009028 0.015789
0 0.789931 0.213816 0.009028 0.017105
0 0.778472 0.235526 0.009722 0.013158
0 0.766667 0.263816 0.009722 0.017105
0 0.794792 0.249342 0.009028 0.017105
0 0.782292 0.285526 0.010417 0.018421
0 0.771528 0.313816 0.009722 0.017105
0 0.759375 0.340132 0.011806 0.022368
0 0.754167 0.288816 0.011111 0.017105
0 0.730903 0.294737 0.009028 0.018421
0 0.743750 0.315132 0.012500 0.017105
0 0.731250 0.342105 0.011111 0.018421
0 0.715625 0.326316 0.010417 0.018421
0 0.804861 0.782895 0.013889 0.018421
0 0.797569 0.734211 0.011806 0.018421
0 0.788889 0.673684 0.011111 0.021053
0 0.764931 0.692105 0.010417 0.021053
0 0.755903 0.623026 0.011806 0.022368
0 0.723958 0.642105 0.014583 0.018421
0 0.777778 0.747368 0.012500 0.015789
0 0.784028 0.793421 0.012500 0.018421
0 0.795833 0.832237 0.012500 0.019737
0 0.759028 0.806579 0.012500 0.018421
0 0.767014 0.853289 0.011806 0.019737
0 0.750694 0.760526 0.011111 0.018421
0 0.739931 0.710526 0.013194 0.023684
0 0.704167 0.661842 0.012500 0.015789
0 0.682639 0.682895 0.013889 0.015789
0 0.714236 0.725000 0.011806 0.021053
0 0.727083 0.772368 0.009722 0.015789
0 0.733681 0.815132 0.010417 0.017105
0 0.742361 0.873026 0.011111 0.017105
0 0.719792 0.884868 0.011806 0.017105
0 0.709028 0.831579 0.011111 0.018421
0 0.705208 0.791447 0.011806 0.017105
0 0.689583 0.730263 0.015278 0.015789
0 0.660764 0.750000 0.020139 0.015789
0 0.673958 0.803289 0.010417 0.019737
0 0.684028 0.844737 0.012500 0.015789
0 0.289236 0.726974 0.007639 0.017105
0 0.292708 0.765132 0.007639 0.017105
0 0.279514 0.797368 0.006250 0.015789
0 0.278819 0.748684 0.006250 0.018421
0 0.273958 0.702632 0.007639 0.013158
0 0.257292 0.668421 0.007639 0.015789
0 0.264583 0.726974 0.006944 0.017105
0 0.245139 0.700000 0.006944 0.015789
0 0.226389 0.666447 0.008333 0.014474
0 0.210764 0.698026 0.006250 0.014474
0 0.232986 0.728289 0.007639 0.017105
0 0.250347 0.754605 0.006250 0.017105
0 0.265278 0.772368 0.008333 0.018421
0 0.268056 0.830263 0.008333 0.021053
0 0.255903 0.851316 0.009028 0.021053
0 0.250347 0.800658 0.006250 0.017105
0 0.238889 0.777632 0.008333 0.018421
0 0.239236 0.826974 0.006250 0.017105
0 0.228125 0.806579 0.006250 0.013158
0 0.220486 0.755921 0.009028 0.017105
0 0.207639 0.776974 0.006944 0.014474
0 0.201042 0.726974 0.007639 0.014474
0 0.192361 0.753289 0.006944 0.017105
0 0.193750 0.807895 0.008333 0.018421
0 0.210764 0.834211 0.009028 0.018421
0 0.225000 0.851974 0.008333 0.017105