0 0.422786 0.358565 0.005469 0.018056
0 0.416927 0.392361 0.006250 0.019907
0 0.416406 0.414583 0.006771 0.022685
0 0.391146 0.499769 0.008333 0.036574
0 0.285026 0.815046 0.017448 0.063426
0 0.735938 0.749537 0.009896 0.061111
0 0.724349 0.746528 0.008594 0.067130
0 0.656901 0.532639 0.011719 0.031944
0 0.543880 0.428704 0.008073 0.030556
0 0.558594 0.435417 0.009896 0.032870
0 0.562500 0.431250 0.005208 0.028241
0 0.600651 0.394676 0.004948 0.025463
0 0.605469 0.369907 0.005729 0.023148
0 0.607292 0.358333 0.005208 0.012963
0 0.582682 0.365278 0.003385 0.020370
0 0.579297 0.362500 0.004427 0.021296
0 0.578125 0.315509 0.003125 0.016204