0 0.664375 0.761221 0.033750 0.050269
0 0.515000 0.811490 0.032500 0.057451
0 0.469375 0.813285 0.033750 0.064632
0 0.448125 0.751346 0.033750 0.066427
0 0.414375 0.783662 0.038750 0.037702
0 0.410625 0.858169 0.038750 0.053860
0 0.411875 0.921005 0.048750 0.078995
0 0.381250 0.760323 0.040000 0.066427
0 0.350625 0.793537 0.036250 0.061041
0 0.291250 0.798025 0.050000 0.070018
0 0.270625 0.907540 0.051250 0.062837
0 0.253125 0.944345 0.056250 0.061041
0 0.149375 0.991921 0.038750 0.016158
0 0.533750 0.470377 0.027500 0.035907
0 0.519375 0.424596 0.028750 0.052065
0 0.542500 0.420108 0.025000 0.050269
0 0.553125 0.448833 0.021250 0.039497