0 0.148562 0.359788 0.020337 0.051146
0 0.166295 0.285494 0.017609 0.042769
0 0.212922 0.367063 0.016121 0.053351
0 0.264881 0.322751 0.016865 0.047619
0 0.368304 0.268739 0.008929 0.042769
0 0.547123 0.055335 0.006944 0.018078
0 0.552951 0.063492 0.009673 0.022046
0 0.917907 0.230820 0.013393 0.042769
0 0.923239 0.302249 0.015129 0.047178
0 0.894097 0.339727 0.013889 0.033951
0 0.917659 0.347222 0.013889 0.040123
0 0.904762 0.405203 0.016865 0.046737
0 0.922991 0.413580 0.017113 0.037919
0 0.946429 0.423942 0.014385 0.033951
0 0.947793 0.455908 0.017113 0.051146
0 0.961682 0.443122 0.015625 0.055556
0 0.910094 0.470679 0.018105 0.037478
0 0.952877 0.500882 0.018353 0.059083
0 0.966518 0.493166 0.008433 0.024250
0 0.880332 0.532628 0.019593 0.040564
0 0.850446 0.555335 0.017361 0.029541
0 0.894841 0.609568 0.016369 0.034832
0 0.908730 0.605600 0.015377 0.056878
0 0.870040 0.668651 0.018849 0.052469
0 0.966766 0.678571 0.020833 0.054674
0 0.888889 0.810185 0.023313 0.067460
