0 0.081845 0.223104 0.011409 0.017637
0 0.074901 0.221340 0.007937 0.025573
0 0.101190 0.270282 0.014881 0.045855
0 0.067088 0.338404 0.018601 0.046296
0 0.101687 0.449295 0.017857 0.063492
0 0.125868 0.373236 0.024058 0.054233
0 0.017733 0.576720 0.024554 0.059083
0 0.029390 0.563492 0.022569 0.067019
0 0.220362 0.054674 0.011161 0.034392
0 0.389261 0.079365 0.010665 0.048501
0 0.400794 0.101190 0.014881 0.045414
0 0.428943 0.139330 0.010665 0.054674
0 0.470362 0.188933 0.013145 0.045414
0 0.487475 0.057099 0.014633 0.048942
0 0.530754 0.027778 0.013889 0.044092
0 0.472346 0.472443 0.016121 0.047178
0 0.565352 0.388889 0.012649 0.042328
0 0.683904 0.503968 0.021577 0.058201
0 0.631076 0.707451 0.022569 0.047178
