0 0.106523 0.318783 0.020585 0.067901
0 0.115823 0.192019 0.007440 0.021605
0 0.122892 0.196208 0.009177 0.019400
0 0.095610 0.197531 0.009673 0.012346
0 0.056052 0.522266 0.018849 0.055996
0 0.065600 0.527116 0.025546 0.062169
0 0.259797 0.038580 0.010169 0.031305
0 0.312996 0.115300 0.014881 0.051587
0 0.381200 0.210317 0.013889 0.037919
0 0.390005 0.210979 0.014633 0.041005
0 0.439236 0.079806 0.010417 0.021164
0 0.438988 0.098325 0.009425 0.017637
0 0.449901 0.132055 0.011409 0.045414
0 0.513641 0.105379 0.015873 0.052028
0 0.576017 0.016975 0.011161 0.033069
