0 0.072669 0.217813 0.006944 0.022046
0 0.080729 0.224206 0.010169 0.020723
0 0.064112 0.335979 0.022073 0.048501
0 0.121652 0.374559 0.028026 0.049824
0 0.139757 0.311949 0.017113 0.063933
0 0.106275 0.448192 0.030506 0.063051
0 0.028150 0.562831 0.024554 0.066578
0 0.010169 0.573413 0.019841 0.061287
0 0.142733 0.109568 0.012153 0.038360
0 0.217138 0.052690 0.011161 0.033069
0 0.190600 0.192460 0.012153 0.047178
0 0.325521 0.102954 0.015129 0.052469
0 0.329365 0.177249 0.015377 0.045855
0 0.398686 0.099206 0.015625 0.045855
0 0.426339 0.140212 0.013393 0.049383
0 0.431548 0.272487 0.012897 0.037037
0 0.466146 0.089727 0.011657 0.050705
0 0.485119 0.055996 0.013889 0.049383
0 0.510293 0.417989 0.018105 0.059083
0 0.504340 0.537698 0.019593 0.045414
0 0.613963 0.489859 0.018105 0.066138
