0 0.534598 0.090168 0.006696 0.032187
0 0.540551 0.088404 0.006696 0.033951
0 0.547619 0.086640 0.005952 0.033951
0 0.580977 0.139330 0.006200 0.037919
0 0.587798 0.137346 0.005456 0.028660
0 0.562376 0.156305 0.006200 0.020723
0 0.563120 0.146825 0.008185 0.017637
0 0.527902 0.158510 0.008185 0.041887
0 0.509673 0.201720 0.010417 0.049824
0 0.591766 0.247354 0.009425 0.043210
0 0.513145 0.334877 0.011905 0.062169
0 0.496032 0.598325 0.019345 0.105820
0 0.476935 0.766314 0.027778 0.095238
0 0.685516 0.619709 0.021329 0.103616
0 0.206721 0.931217 0.043899 0.137566
0 0.341270 0.953263 0.038194 0.093474
0 0.368924 0.951058 0.032490 0.097884
