0 0.077753 0.254850 0.017609 0.053792
0 0.074777 0.212963 0.006200 0.016755
0 0.082217 0.222663 0.010665 0.024691
0 0.094866 0.280423 0.019097 0.043210
0 0.065848 0.334215 0.018601 0.044092
0 0.046875 0.258598 0.021329 0.041887
0 0.068576 0.312831 0.007192 0.023369
0 0.108011 0.445547 0.032490 0.060406
0 0.026910 0.561287 0.025546 0.060847
0 0.010913 0.571649 0.020337 0.055996
0 0.219742 0.050485 0.011905 0.033069
0 0.400794 0.098104 0.015377 0.046296
0 0.440104 0.067240 0.015129 0.054233
0 0.483011 0.096340 0.014137 0.046296
0 0.492808 0.052028 0.013393 0.049383
0 0.478671 0.218474 0.011409 0.017196
0 0.428199 0.133598 0.012153 0.060847
