0 0.075521 0.142196 0.021081 0.046296
0 0.004836 0.184083 0.009177 0.041887
0 0.259797 0.170194 0.017113 0.050265
0 0.301463 0.166446 0.016617 0.059524
0 0.333581 0.152778 0.016865 0.054233
0 0.352555 0.099647 0.014137 0.031746
0 0.357639 0.133598 0.013889 0.047619
0 0.405134 0.254189 0.015129 0.047178
0 0.493180 0.311287 0.018601 0.054674
0 0.358507 0.353836 0.011161 0.021605
0 0.563740 0.385802 0.019841 0.055556
0 0.596850 0.363757 0.011657 0.035273
0 0.659226 0.540123 0.020337 0.045855
0 0.670263 0.830026 0.026042 0.055115
0 0.640005 0.982584 0.031002 0.033951
0 0.058036 0.558862 0.025298 0.058642
0 0.183656 0.595899 0.015625 0.028660
0 0.176339 0.607584 0.012897 0.068783
0 0.396949 0.929453 0.030506 0.066138
0 0.807168 0.527557 0.018105 0.039242
0 0.835069 0.631614 0.026290 0.048942
0 0.903398 0.622354 0.027034 0.051587
