0 0.767981 0.712081 0.047867 0.254850
0 0.538566 0.923501 0.051339 0.152998
0 0.625248 0.667549 0.053075 0.231041
0 0.721726 0.631393 0.045635 0.218695
0 0.475942 0.627646 0.041171 0.230600
0 0.524306 0.615079 0.036706 0.216931
0 0.576389 0.605379 0.044643 0.219577
0 0.628596 0.524912 0.027034 0.070988
0 0.660342 0.571869 0.031002 0.206349
0 0.434648 0.580688 0.034474 0.227513
0 0.479415 0.502425 0.034226 0.080688
0 0.531498 0.512787 0.037202 0.114638
0 0.575025 0.487875 0.030506 0.090388
0 0.611731 0.486772 0.030010 0.095238
0 0.647817 0.458113 0.036210 0.089947
0 0.409598 0.555335 0.039435 0.216490
0 0.450149 0.468915 0.029266 0.059524
0 0.490327 0.465168 0.034722 0.072310
0 0.532490 0.453483 0.031250 0.064815
0 0.573413 0.444444 0.026786 0.066138
0 0.609375 0.434524 0.033234 0.085097
0 0.360987 0.513228 0.036954 0.211640
0 0.406994 0.445106 0.033234 0.090388
0 0.446553 0.431437 0.030010 0.070988
0 0.490079 0.417549 0.033730 0.080247
0 0.529762 0.405423 0.029266 0.075397
0 0.567956 0.391755 0.033730 0.076279
0 0.326017 0.473104 0.043899 0.208113
0 0.367560 0.409171 0.039683 0.086420
0 0.412698 0.401455 0.040675 0.078042
0 0.454489 0.398148 0.038442 0.103175
0 0.492560 0.377205 0.029762 0.074515
0 0.529886 0.363316 0.027034 0.068783
0 0.280878 0.435185 0.033482 0.188713
0 0.331721 0.382275 0.028522 0.065256
0 0.374876 0.366402 0.031994 0.063492
0 0.417287 0.370370 0.026538 0.068783
0 0.459077 0.352954 0.026290 0.058642
0 0.495660 0.338183 0.025050 0.069665
0 0.300843 0.399912 0.022321 0.146384
0 0.345734 0.355820 0.027282 0.082892
0 0.383929 0.363095 0.029762 0.124780
0 0.417039 0.319444 0.029514 0.053351
0 0.458085 0.308862 0.023810 0.069224
0 0.268229 0.320767 0.023065 0.046296
0 0.317088 0.316358 0.028522 0.063933
0 0.350818 0.294753 0.025546 0.040123
0 0.384053 0.285053 0.027034 0.031305
0 0.430060 0.319885 0.027282 0.135362
0 0.397197 0.271605 0.022073 0.080247
0 0.358507 0.262787 0.024554 0.037919
0 0.320809 0.276675 0.023562 0.061287
0 0.288194 0.286596 0.027282 0.066138
0 0.242932 0.284832 0.027530 0.064374
0 0.226935 0.378968 0.029762 0.184744
0 0.203993 0.360229 0.027530 0.158730
0 0.210317 0.264330 0.024306 0.051587
0 0.259549 0.264771 0.029018 0.070988
0 0.293899 0.255952 0.027778 0.073633
0 0.332093 0.262125 0.025794 0.099206
0 0.364831 0.238536 0.023313 0.063492
0 0.541915 0.347222 0.025794 0.173280
0 0.602803 0.333774 0.020089 0.174603
0 0.659474 0.370150 0.022817 0.196208
0 0.110739 0.454586 0.032986 0.211640
0 0.006696 0.074295 0.012897 0.147707
0 0.012153 0.055776 0.018353 0.109788
0 0.036830 0.055335 0.020585 0.109788
0 0.060392 0.053351 0.019593 0.104938
0 0.082465 0.070767 0.022569 0.120370
0 0.235863 0.051146 0.023313 0.101411
0 0.025174 0.044753 0.007688 0.085097
0 0.049479 0.047178 0.006200 0.089947
0 0.601438 0.165785 0.035218 0.162257
0 0.731523 0.231041 0.025546 0.164021
0 0.751736 0.252425 0.026290 0.168871
0 0.795139 0.275573 0.023313 0.145503
0 0.814484 0.282187 0.027282 0.155203
0 0.865327 0.313492 0.022321 0.168430
0 0.887525 0.315697 0.029514 0.194885
0 0.903274 0.244929 0.031250 0.157407
0 0.937500 0.291446 0.020833 0.153439
0 0.948537 0.300485 0.030506 0.161817
0 0.975570 0.331129 0.023562 0.169312
0 0.991567 0.339506 0.016865 0.167549
0 0.993800 0.395503 0.012401 0.179012
0 0.556796 0.076499 0.019841 0.135362
0 0.580357 0.084656 0.022817 0.143739
0 0.612103 0.069885 0.017361 0.056878
0 0.628596 0.108245 0.015129 0.145062
0 0.643229 0.114198 0.018601 0.150794
0 0.668031 0.125220 0.020089 0.158730
0 0.688740 0.138668 0.018353 0.155644
0 0.710193 0.152778 0.018601 0.152116
0 0.730655 0.123236 0.018849 0.056878
0 0.752108 0.140653 0.016121 0.058201
0 0.621280 0.033951 0.010417 0.024691
0 0.639013 0.032628 0.011161 0.025573
0 0.654638 0.099647 0.012153 0.146384
0 0.671751 0.046296 0.012153 0.022046
0 0.691964 0.060847 0.014385 0.025573
0 0.721478 0.083995 0.015377 0.046296
0 0.742684 0.094577 0.012649 0.033951
0 0.764261 0.153660 0.015129 0.115961
0 0.782862 0.173942 0.017609 0.138007
0 0.672619 0.029541 0.010913 0.019400
0 0.707837 0.098765 0.019345 0.152557
0 0.725694 0.067681 0.017857 0.055115
0 0.750496 0.080467 0.017361 0.063933
0 0.771577 0.097663 0.018849 0.058642
0 0.792411 0.145944 0.017857 0.135802
0 0.814236 0.163580 0.022817 0.139330
0 0.838046 0.157848 0.020833 0.139330
0 0.733135 0.053571 0.016865 0.064815
0 0.755084 0.065697 0.017113 0.062610
0 0.777158 0.077381 0.019593 0.056878
0 0.801091 0.090168 0.017857 0.065697
0 0.821429 0.137566 0.016865 0.128748
0 0.760665 0.045855 0.017361 0.061728
0 0.781746 0.054894 0.017361 0.053351
0 0.785218 0.040123 0.015377 0.058201
0 0.803323 0.059083 0.018849 0.062610
0 0.826761 0.084215 0.018105 0.052028
0 0.848834 0.139550 0.016121 0.146825
0 0.832589 0.064153 0.020833 0.052469
0 0.868056 0.151675 0.021825 0.141975
0 0.852183 0.063933 0.012897 0.023810
0 0.877232 0.119048 0.016369 0.110229
0 0.898189 0.137566 0.021577 0.124339
0 0.862103 0.038360 0.019345 0.056437
0 0.881944 0.034832 0.014881 0.067901
0 0.902158 0.070106 0.017609 0.100529
0 0.903770 0.016534 0.015873 0.032187
0 0.938740 0.115741 0.023810 0.156526
0 0.927579 0.089727 0.017857 0.129189
0 0.926587 0.020503 0.011409 0.022487
0 0.936508 0.019180 0.016369 0.036596
0 0.951017 0.097884 0.017113 0.123457
0 0.966394 0.108245 0.019593 0.131834
0 0.989707 0.124118 0.020585 0.130071
0 0.957217 0.020062 0.016617 0.037478
0 0.954613 0.031085 0.013393 0.018959
0 0.989211 0.020944 0.020089 0.040123
0 0.979415 0.026896 0.012897 0.023810
