0 0.513021 0.136905 0.008185 0.041005
0 0.521081 0.138668 0.007937 0.038360
0 0.501860 0.202601 0.009673 0.048060
0 0.578745 0.190476 0.008185 0.022046
0 0.581721 0.214286 0.009673 0.047619
0 0.579613 0.276014 0.011905 0.061728
0 0.593130 0.263448 0.011657 0.032187
0 0.593750 0.295194 0.012897 0.060406
0 0.568700 0.313272 0.012401 0.060406
0 0.576513 0.439815 0.013145 0.070106
0 0.593378 0.447751 0.012649 0.070106
0 0.606399 0.447310 0.013393 0.073633
0 0.484871 0.545194 0.013889 0.083333
0 0.498512 0.537478 0.019345 0.091711
