0 0.027282 0.561287 0.025794 0.060847
0 0.013641 0.568783 0.023810 0.059965
0 0.097346 0.380071 0.027530 0.062610
0 0.066592 0.334877 0.019593 0.046296
0 0.060888 0.267416 0.015129 0.029541
0 0.077505 0.257496 0.017113 0.059965
0 0.082465 0.221340 0.013145 0.023810
0 0.074405 0.216270 0.006448 0.019841
0 0.220486 0.050705 0.012401 0.035273
0 0.385789 0.206349 0.013145 0.033510
0 0.392113 0.199956 0.007937 0.031305
0 0.401414 0.088183 0.014633 0.027337
0 0.407366 0.121693 0.012153 0.033510
0 0.427951 0.134480 0.012153 0.052910
0 0.474826 0.121473 0.015129 0.046296
0 0.478919 0.039683 0.013393 0.047619
0 0.539931 0.020282 0.011409 0.033510
0 0.983011 0.334877 0.022569 0.059524
0 0.985863 0.381173 0.025298 0.057760
0 0.992684 0.721340 0.014633 0.040564
