0 0.146081 0.351190 0.021329 0.050705
0 0.164931 0.374780 0.017361 0.043210
0 0.224950 0.289021 0.012401 0.045414
0 0.265625 0.329365 0.016369 0.048501
0 0.131820 0.546958 0.024058 0.055996
0 0.384549 0.252205 0.011657 0.030864
0 0.924107 0.271384 0.010417 0.030423
0 0.894717 0.393519 0.017609 0.051587
0 0.919023 0.382496 0.017609 0.041887
0 0.948289 0.364418 0.011161 0.026896
0 0.941840 0.392857 0.016617 0.052028
0 0.957217 0.389991 0.016617 0.054233
0 0.949901 0.434524 0.016369 0.053351
0 0.958829 0.432540 0.011905 0.039683
0 0.928943 0.457011 0.016121 0.047178
0 0.906250 0.464506 0.015873 0.043651
0 0.882316 0.495150 0.016121 0.035273
0 0.863963 0.563492 0.020585 0.049383
0 0.859251 0.631614 0.020089 0.040123
0 0.867063 0.709436 0.023313 0.046737
0 0.840526 0.789242 0.020833 0.037919
0 0.939608 0.790123 0.022569 0.048501
0 0.917535 0.705908 0.017609 0.036155
0 0.933532 0.697090 0.016369 0.056437
0 0.950521 0.649691 0.019593 0.040123
0 0.989831 0.568342 0.020337 0.058201
