0 0.144593 0.330688 0.021825 0.052910
0 0.058656 0.480820 0.022569 0.042769
0 0.133681 0.429674 0.016865 0.033951
0 0.146329 0.446869 0.011905 0.035714
0 0.216394 0.468695 0.021577 0.045855
0 0.260293 0.367725 0.018105 0.037037
0 0.264509 0.307319 0.017113 0.047619
0 0.288938 0.256393 0.012897 0.044533
0 0.317584 0.332011 0.016121 0.048501
0 0.071181 0.684083 0.025794 0.064815
0 0.425471 0.184524 0.011657 0.033069
0 0.911954 0.302910 0.013889 0.041446
0 0.940228 0.313492 0.013889 0.050265
0 0.946677 0.300926 0.013393 0.053351
0 0.955605 0.307099 0.013889 0.044533
0 0.947421 0.349427 0.016369 0.049824
0 0.881572 0.444665 0.015129 0.040123
0 0.861359 0.531966 0.013393 0.038360
0 0.826265 0.590168 0.022073 0.058642
0 0.887773 0.569885 0.021577 0.050705
0 0.901166 0.630732 0.020089 0.047178
0 0.853671 0.690697 0.019345 0.045414
0 0.965650 0.718695 0.010665 0.037037
0 0.961930 0.725088 0.031002 0.066578
0 0.967634 0.775353 0.014137 0.041005
0 0.949033 0.796296 0.029018 0.035273
0 0.792163 0.826940 0.021825 0.055115
0 0.779018 0.938713 0.024802 0.052910
