0 0.077753 0.247575 0.025050 0.058642
0 0.074033 0.210979 0.006696 0.019841
0 0.082341 0.216270 0.009921 0.024250
0 0.053199 0.251323 0.017113 0.013228
0 0.065228 0.328924 0.018353 0.043210
0 0.094990 0.023810 0.012897 0.044974
0 0.148810 0.056217 0.015377 0.040123
0 0.219494 0.048060 0.011409 0.033510
0 0.309276 0.247134 0.010913 0.018959
0 0.316964 0.249339 0.007937 0.028660
0 0.400918 0.086640 0.013641 0.029541
0 0.406746 0.116182 0.014385 0.033951
0 0.442460 0.115079 0.012897 0.054674
0 0.472098 0.095018 0.011161 0.017196
0 0.500000 0.043210 0.011905 0.030864
0 0.506076 0.042328 0.005704 0.028219
0 0.527282 0.012566 0.008433 0.020723
0 0.979167 0.349647 0.020833 0.048501
0 0.976562 0.400794 0.019097 0.037037
