0 0.320312 0.625000 0.048363 0.257055
0 0.370784 0.625000 0.044643 0.258818
0 0.432540 0.584215 0.043155 0.179012
0 0.457589 0.820547 0.062996 0.289242
0 0.590402 0.826720 0.057292 0.309524
0 0.488219 0.626323 0.053323 0.261464
0 0.544023 0.623016 0.047371 0.283951
0 0.664311 0.632937 0.054812 0.271164
0 0.722222 0.631834 0.054563 0.285714
0 0.333209 0.484568 0.052827 0.097002
0 0.383433 0.490300 0.044147 0.113757
0 0.437252 0.502205 0.050595 0.124339
0 0.490203 0.494048 0.047371 0.108025
0 0.603919 0.605820 0.050595 0.239859
0 0.540675 0.462522 0.043651 0.041446
0 0.597470 0.471561 0.041171 0.111552
0 0.655878 0.464286 0.052331 0.108466
0 0.719742 0.461861 0.049603 0.115079
0 0.344122 0.417769 0.034474 0.049824
0 0.389633 0.435185 0.044643 0.086420
0 0.439732 0.435626 0.044643 0.092593
0 0.489087 0.412257 0.044147 0.055556
0 0.541915 0.411376 0.048611 0.055556
0 0.589906 0.405864 0.040923 0.081570
0 0.650050 0.401675 0.043651 0.057319
0 0.700893 0.407848 0.037698 0.083774
0 0.356151 0.349427 0.038194 0.062169
0 0.400918 0.335097 0.041419 0.066138
0 0.443204 0.343695 0.038690 0.068342
0 0.490203 0.371473 0.039931 0.083333
0 0.537078 0.364859 0.039931 0.070106
0 0.585689 0.350750 0.039931 0.057760
0 0.633557 0.355600 0.037946 0.063051
0 0.689980 0.351411 0.038194 0.089065
0 0.360739 0.292769 0.035466 0.043210
0 0.406622 0.286596 0.034474 0.040564
0 0.447545 0.292328 0.036458 0.042328
0 0.495288 0.287037 0.032738 0.046737
0 0.538194 0.280423 0.030258 0.043210
0 0.582589 0.274471 0.031746 0.039242
0 0.628968 0.309083 0.035218 0.043210
0 0.674851 0.319224 0.035218 0.063492
0 0.627108 0.278880 0.037946 0.038360
0 0.670139 0.264550 0.036706 0.042328
0 0.622520 0.248677 0.033730 0.029982
0 0.370660 0.272928 0.042411 0.069665
0 0.411582 0.265873 0.034970 0.074956
0 0.447545 0.257716 0.035962 0.083333
0 0.494296 0.252866 0.034226 0.066578
0 0.379712 0.246473 0.030258 0.059083
0 0.537326 0.257275 0.033482 0.070106
0 0.581225 0.256173 0.035962 0.073192
0 0.378348 0.259480 0.026538 0.090388
0 0.452629 0.237434 0.026290 0.090388
0 0.492932 0.230820 0.031002 0.080688
0 0.532614 0.236993 0.029018 0.078042
0 0.575521 0.242284 0.031002 0.093034
0 0.622024 0.233466 0.032738 0.088624
0 0.658358 0.232804 0.026538 0.084656
0 0.471850 0.098545 0.018601 0.135362
0 0.566096 0.095018 0.020585 0.145062
0 0.414435 0.065476 0.021329 0.129189
0 0.443080 0.065035 0.020089 0.125661
0 0.474826 0.033069 0.023065 0.064374
0 0.506696 0.063713 0.019841 0.124780
0 0.539683 0.063051 0.020833 0.124339
0 0.572049 0.035273 0.017609 0.067019
0 0.601190 0.060847 0.019841 0.119048
0 0.627852 0.060847 0.021577 0.117284
0 0.694072 0.057760 0.021081 0.109347
0 0.312128 0.066138 0.027034 0.131393
0 0.056548 0.127646 0.027282 0.062169
0 0.087922 0.109568 0.021081 0.056878
0 0.079489 0.092593 0.019097 0.049383
0 0.107143 0.092372 0.029266 0.058642
0 0.128224 0.082892 0.026290 0.052910
0 0.146701 0.070106 0.020089 0.045855
0 0.165055 0.044753 0.015625 0.048942
0 0.180680 0.047399 0.016617 0.057760
0 0.034598 0.128307 0.023562 0.059083
0 0.029142 0.090388 0.021081 0.018519
0 0.053571 0.083554 0.025298 0.027778
0 0.008433 0.128086 0.016369 0.055115
0 0.024306 0.066358 0.017361 0.028660
0 0.034722 0.049824 0.023810 0.049383
0 0.059028 0.053571 0.019841 0.043651
0 0.079613 0.048280 0.020337 0.035714
0 0.114335 0.041005 0.018353 0.025573
0 0.131696 0.032848 0.016369 0.021605
0 0.102927 0.025794 0.020337 0.030423
0 0.079241 0.018298 0.022073 0.033069
0 0.042783 0.018519 0.017609 0.033510
0 0.150298 0.026455 0.015377 0.034392
0 0.166543 0.017857 0.017113 0.034832
0 0.134301 0.613095 0.046875 0.265873
0 0.781498 0.411155 0.042659 0.203263
0 0.926711 0.621473 0.043403 0.250882
0 0.975570 0.731702 0.048859 0.404321
0 0.771949 0.016975 0.011657 0.031305
0 0.794023 0.051367 0.021081 0.099206
