0 0.066096 0.351411 0.007192 0.032628
0 0.073289 0.350970 0.009177 0.033510
0 0.090154 0.348986 0.009673 0.033069
0 0.123016 0.341711 0.005952 0.035273
0 0.210813 0.331790 0.005456 0.025132
0 0.249380 0.327160 0.005208 0.025573
0 0.421999 0.314374 0.005208 0.022928
0 0.411086 0.370591 0.011657 0.039242
0 0.436012 0.319004 0.006944 0.027778
0 0.469370 0.333995 0.006200 0.029541
0 0.500496 0.335758 0.005952 0.027778
0 0.506200 0.339947 0.006448 0.030864
0 0.535590 0.340388 0.007688 0.030864
0 0.550843 0.338404 0.006448 0.029541
0 0.561012 0.337302 0.008929 0.031746
0 0.585069 0.320988 0.003968 0.022046
0 0.631696 0.320547 0.005952 0.022046
0 0.605531 0.340608 0.008681 0.028660
0 0.613963 0.339947 0.003720 0.027337
0 0.612971 0.340608 0.005704 0.028660
0 0.661582 0.326279 0.007688 0.025573
0 0.746900 0.341711 0.007688 0.029982
0 0.744916 0.340608 0.010169 0.030423
0 0.910218 0.356481 0.009425 0.035714
0 0.856151 0.349647 0.008433 0.029982
0 0.856647 0.350088 0.008433 0.030864
0 0.845486 0.351190 0.006944 0.032187
