0 0.527282 0.082011 0.006944 0.033510
0 0.534846 0.083333 0.005704 0.030864
0 0.508929 0.156746 0.007937 0.043651
0 0.516989 0.157848 0.007688 0.041446
0 0.498140 0.229277 0.009673 0.051146
0 0.581721 0.219577 0.008185 0.021164
0 0.580605 0.246914 0.010417 0.049383
0 0.579365 0.318122 0.012897 0.063933
0 0.596354 0.307319 0.012153 0.037919
0 0.593378 0.341049 0.014137 0.064815
0 0.575397 0.375441 0.013889 0.063933
0 0.482391 0.471781 0.012897 0.074956
0 0.495164 0.468695 0.015129 0.084656
0 0.617063 0.509259 0.018353 0.075838
0 0.632812 0.509921 0.014137 0.077160
0 0.644469 0.499118 0.014633 0.074956
0 0.556920 0.736552 0.028522 0.085979
