0 0.582353 0.401961 0.005882 0.035294
0 0.613971 0.511111 0.007353 0.039216
0 0.617279 0.500654 0.006618 0.033987
0 0.608456 0.631373 0.012500 0.047059
0 0.636029 0.622876 0.007353 0.045752
0 0.691912 0.662092 0.008824 0.050980
0 0.706618 0.668627 0.010294 0.048366
0 0.991544 0.812418 0.011029 0.050980
0 0.565074 0.198039 0.003676 0.019608
0 0.559191 0.183660 0.005147 0.014379
0 0.545588 0.196732 0.005882 0.019608
0 0.537132 0.186928 0.003676 0.018301
0 0.559559 0.143137 0.002941 0.014379
0 0.714338 0.974510 0.011029 0.045752
0 0.721691 0.945098 0.015441 0.052288
0 0.737500 0.958170 0.016176 0.073203
0 0.752206 0.975817 0.013235 0.048366
