0 0.046324 0.837255 0.088235 0.223529
0 0.196324 0.806536 0.070588 0.240523
0 0.755515 0.789542 0.043382 0.193464
0 0.844485 0.846405 0.037500 0.124183
0 0.865074 0.614379 0.043382 0.214379
0 0.979779 0.473856 0.040441 0.147712
0 0.981985 0.451634 0.036029 0.155556
0 0.752574 0.521569 0.030147 0.175163
0 0.582353 0.194118 0.019118 0.100654
0 0.600735 0.198693 0.020588 0.104575
0 0.799632 0.167974 0.025735 0.108497
0 0.870221 0.058824 0.015441 0.075817
0 0.869485 0.041176 0.018382 0.074510
0 0.823529 0.039869 0.011765 0.064052
0 0.199265 0.222876 0.026471 0.108497
0 0.197794 0.203922 0.023529 0.117647
0 0.317647 0.107843 0.014706 0.095425
0 0.388971 0.020915 0.008824 0.039216
0 0.426838 0.023529 0.011029 0.044444
0 0.066544 0.024837 0.016912 0.047059
0 0.051103 0.022222 0.013971 0.041830
0 0.071324 0.167974 0.026471 0.108497
0 0.094853 0.201307 0.019118 0.060131
0 0.025735 0.200000 0.022059 0.081046
0 0.015441 0.158170 0.019118 0.094118
0 0.161765 0.213725 0.020588 0.118954
0 0.161765 0.200654 0.027941 0.113725
0 0.586765 0.009804 0.010294 0.016993
0 0.620588 0.012418 0.004412 0.022222
0 0.629044 0.012418 0.011029 0.022222
0 0.722794 0.022222 0.008824 0.041830
0 0.747426 0.026144 0.011029 0.044444
0 0.758824 0.023529 0.010294 0.044444
0 0.881985 0.032026 0.009559 0.058824
0 0.916176 0.016340 0.010294 0.030065
0 0.957353 0.025490 0.011765 0.040523
0 0.959926 0.016340 0.011029 0.030065
0 0.997059 0.022222 0.005882 0.041830
0 0.929044 0.003922 0.006618 0.005229
