0 0.056985 0.530065 0.034559 0.147712
0 0.081985 0.509804 0.044853 0.167320
0 0.292279 0.663399 0.063971 0.207843
0 0.373162 0.697386 0.050735 0.241830
0 0.380147 0.639216 0.055882 0.224837
0 0.707353 0.324183 0.033824 0.133333
0 0.802206 0.088235 0.017647 0.077124
0 0.904779 0.106536 0.021324 0.064052
0 0.730882 0.823529 0.055882 0.261438
0 0.761765 0.910458 0.030882 0.134641
0 0.775735 0.813072 0.042647 0.232680
0 0.891544 0.953595 0.046324 0.092810
0 0.935294 0.884314 0.054412 0.231373
0 0.646691 0.192810 0.019853 0.084967
0 0.657721 0.100000 0.018382 0.077124
0 0.593015 0.105882 0.019853 0.081046
0 0.576103 0.111765 0.016912 0.074510
0 0.552206 0.103268 0.017647 0.083660
0 0.433088 0.088889 0.019118 0.078431
0 0.207353 0.241176 0.026471 0.098039
0 0.017279 0.252941 0.022794 0.069281
0 0.038235 0.262745 0.038235 0.120261
0 0.095588 0.135948 0.019118 0.091503
0 0.141912 0.103268 0.023529 0.086275
0 0.218750 0.035948 0.013971 0.069281
0 0.288603 0.025490 0.013971 0.048366
0 0.334926 0.039869 0.016912 0.048366
0 0.371324 0.036601 0.008824 0.054902
0 0.358088 0.026797 0.013235 0.050980
0 0.394853 0.032026 0.011765 0.040523
0 0.408088 0.035294 0.014706 0.044444
0 0.419118 0.029412 0.013235 0.040523
0 0.580882 0.037255 0.010294 0.048366
0 0.579044 0.031373 0.009559 0.060131
0 0.584191 0.031373 0.006618 0.049673
0 0.766544 0.015686 0.011029 0.028758
0 0.790441 0.013725 0.008824 0.024837
0 0.807353 0.016993 0.010294 0.031373
0 0.470221 0.017647 0.012500 0.024837
0 0.481250 0.015686 0.008088 0.028758
0 0.247794 0.027451 0.010294 0.020915
0 0.263235 0.015686 0.011765 0.023529
0 0.299632 0.024837 0.006618 0.047059
0 0.172059 0.032680 0.011765 0.041830
0 0.186029 0.025490 0.014706 0.048366
0 0.205515 0.023529 0.011029 0.044444
0 0.125000 0.033987 0.011765 0.057516
0 0.144853 0.018954 0.010294 0.032680
0 0.134926 0.033987 0.006618 0.023529
0 0.068750 0.029412 0.009559 0.048366
0 0.074265 0.027451 0.010294 0.044444
0 0.100000 0.023529 0.010294 0.026144
0 0.005882 0.060131 0.010294 0.036601
0 0.005515 0.109804 0.009559 0.036601
