0 0.805729 0.684259 0.011458 0.042593
0 0.805729 0.540741 0.013542 0.029630
0 0.770833 0.972222 0.012500 0.055556
0 0.728125 0.955556 0.022917 0.062963
0 0.689583 0.924074 0.012500 0.040741
0 0.684896 0.905556 0.015625 0.037037
0 0.698438 0.916667 0.011458 0.048148
0 0.545312 0.866667 0.011458 0.037037
0 0.481250 0.766667 0.012500 0.033333
0 0.480729 0.625000 0.011458 0.016667
0 0.479687 0.613889 0.009375 0.020370
0 0.504167 0.581481 0.008333 0.025926
0 0.421354 0.375926 0.009375 0.011111
0 0.469792 0.394444 0.008333 0.018519
0 0.481771 0.386111 0.007292 0.016667
0 0.305208 0.739815 0.012500 0.038889
0 0.301042 0.811111 0.014583 0.040741
0 0.246354 0.970370 0.017708 0.048148
