0 0.025308 0.389194 0.031464 0.075092
0 0.233926 0.366300 0.035568 0.076923
0 0.447332 0.380952 0.024624 0.062271
0 0.491792 0.395604 0.028728 0.080586
0 0.504788 0.383700 0.024624 0.064103
0 0.512312 0.361722 0.023256 0.067766
0 0.456908 0.335165 0.021888 0.032967
0 0.482900 0.335165 0.019152 0.029304
0 0.584131 0.347985 0.021888 0.087912
0 0.748290 0.319597 0.027360 0.042125
0 0.980848 0.684066 0.021888 0.027473
0 0.964432 0.961538 0.030096 0.076923
0 0.464432 0.607143 0.031464 0.027473
0 0.383721 0.512821 0.036936 0.065934
