0 0.900368 0.190196 0.009559 0.037908
0 0.583456 0.622876 0.015441 0.066667
0 0.467647 0.482353 0.016176 0.041830
0 0.446324 0.401307 0.008824 0.057516
0 0.502206 0.343791 0.014706 0.041830
0 0.462868 0.315033 0.009559 0.054902
0 0.469118 0.335294 0.008824 0.032680
0 0.481618 0.222222 0.010294 0.049673
0 0.561029 0.190196 0.010294 0.048366
0 0.548897 0.089542 0.008088 0.030065
0 0.508088 0.262092 0.005882 0.045752
0 0.514706 0.266667 0.013235 0.047059
0 0.365441 0.230065 0.010294 0.057516
0 0.425735 0.248366 0.007353 0.057516
0 0.429779 0.199346 0.008088 0.043137
0 0.449632 0.197386 0.008088 0.054902
0 0.425000 0.161438 0.007353 0.040523
0 0.415074 0.159477 0.008088 0.054902
0 0.404412 0.015686 0.005882 0.028758
0 0.441912 0.075163 0.007353 0.050980
0 0.451838 0.011111 0.005147 0.019608
0 0.458456 0.011111 0.006618 0.019608
0 0.501838 0.094771 0.011029 0.048366
0 0.519853 0.142484 0.010294 0.049673
0 0.484191 0.128758 0.009559 0.053595
