0 0.295956 0.539869 0.015441 0.033987
0 0.293015 0.579739 0.012500 0.043137
0 0.111397 0.512418 0.012500 0.044444
0 0.124265 0.350327 0.004412 0.026144
0 0.129412 0.349020 0.007353 0.036601
0 0.133088 0.337908 0.010294 0.032680
0 0.348529 0.088235 0.007353 0.014379
0 0.316912 0.399346 0.004412 0.024837
0 0.607353 0.296078 0.008824 0.024837
0 0.348529 0.009150 0.002941 0.015686
0 0.344118 0.009150 0.002941 0.015686
0 0.340809 0.009150 0.003676 0.015686
0 0.533088 0.105882 0.005882 0.028758
0 0.534926 0.067320 0.003676 0.019608
0 0.546691 0.071242 0.003676 0.019608
0 0.541544 0.060784 0.003676 0.019608
0 0.534559 0.049673 0.004412 0.020915
0 0.269853 0.601961 0.010294 0.030065
0 0.332721 0.081046 0.005147 0.013072
