0 0.130515 0.054902 0.015441 0.047059
0 0.236029 0.050980 0.010294 0.041830
0 0.195221 0.049020 0.016912 0.053595
0 0.126103 0.153595 0.021324 0.098039
0 0.140441 0.143791 0.019118 0.099346
0 0.295956 0.152288 0.018382 0.090196
0 0.850735 0.107843 0.017647 0.069281
0 0.873897 0.128758 0.022794 0.077124
0 0.962132 0.171242 0.019853 0.081046
0 0.900735 0.662092 0.052941 0.202614
0 0.877941 0.540523 0.054412 0.155556
0 0.839706 0.523529 0.023529 0.092810
0 0.723162 0.327451 0.040441 0.134641
0 0.610662 0.341830 0.022794 0.142484
0 0.599265 0.388889 0.023529 0.064052
0 0.695221 0.521569 0.031618 0.164706
0 0.596324 0.506536 0.032353 0.173856
0 0.553676 0.603922 0.033824 0.219608
0 0.579779 0.564706 0.028676 0.075817
0 0.562132 0.540523 0.028676 0.152941
0 0.143750 0.516340 0.041912 0.159477
0 0.073162 0.593464 0.053676 0.214379
0 0.112132 0.643137 0.043382 0.101961
0 0.818015 0.115033 0.016912 0.047059
0 0.831250 0.109150 0.013971 0.058824
