0 0.032072 0.058957 0.018092 0.077098
0 0.038651 0.070295 0.014803 0.068027
0 0.083882 0.070295 0.023026 0.077098
0 0.030428 0.131519 0.031250 0.036281
0 0.041118 0.275510 0.052632 0.061224
0 0.065789 0.265306 0.032895 0.068027
0 0.142270 0.272109 0.027961 0.126984
0 0.103618 0.216553 0.036184 0.052154
0 0.112664 0.231293 0.024671 0.036281
0 0.123355 0.206349 0.019737 0.077098
0 0.143092 0.215420 0.019737 0.077098
0 0.165296 0.158730 0.027961 0.045351
0 0.206414 0.158730 0.027961 0.045351
0 0.209704 0.136054 0.044408 0.040816
0 0.240132 0.104308 0.019737 0.090703
0 0.230263 0.069161 0.019737 0.074830
0 0.285362 0.040816 0.014803 0.072562
0 0.386513 0.052154 0.013158 0.054422
0 0.362664 0.136054 0.011513 0.063492
0 0.359375 0.165533 0.047697 0.040816
0 0.355263 0.285714 0.019737 0.122449
0 0.430099 0.337868 0.064145 0.113379
0 0.450658 0.298186 0.029605 0.106576
0 0.482730 0.316327 0.024671 0.097506
0 0.477796 0.410431 0.034539 0.136054
0 0.449836 0.477324 0.050987 0.156463
0 0.638158 0.868481 0.065789 0.172336
0 0.611842 0.357143 0.059211 0.124717
0 0.677632 0.369615 0.049342 0.131519
0 0.664474 0.092971 0.016447 0.049887
0 0.811678 0.107710 0.034539 0.083900
0 0.718750 0.242630 0.029605 0.086168
0 0.752467 0.256236 0.024671 0.090703
0 0.780428 0.250567 0.021382 0.088435
0 0.937500 0.396825 0.055921 0.077098
0 0.583882 0.160998 0.013158 0.045351
0 0.598684 0.167800 0.016447 0.063492
0 0.611842 0.154195 0.013158 0.054422
0 0.627467 0.173469 0.024671 0.052154
0 0.629934 0.153061 0.019737 0.047619
0 0.531250 0.166667 0.019737 0.047619
0 0.815789 0.013605 0.013158 0.022676
