0 0.436458 0.227778 0.004167 0.007407
0 0.416667 0.301852 0.006250 0.014815
0 0.398958 0.387037 0.010417 0.011111
0 0.332813 0.621296 0.013542 0.031481
0 0.419271 0.503704 0.007292 0.022222
0 0.423958 0.503704 0.008333 0.022222
0 0.579167 0.444444 0.006250 0.022222
0 0.571875 0.411111 0.006250 0.029630
0 0.566146 0.407407 0.005208 0.022222
0 0.713542 0.345370 0.010417 0.024074
0 0.674479 0.475926 0.011458 0.018519
0 0.485938 0.652778 0.011458 0.035185
0 0.307812 0.690741 0.013542 0.029630
0 0.320312 0.777778 0.015625 0.033333
0 0.322917 0.772222 0.010417 0.029630
0 0.269271 0.837963 0.015625 0.031481
0 0.483333 0.993519 0.012500 0.012963
0 0.902083 0.230556 0.012500 0.027778
