0 0.311765 0.761438 0.019118 0.064052
0 0.354412 0.495425 0.014706 0.057516
0 0.672059 0.943791 0.019118 0.062745
0 0.801838 0.829412 0.024265 0.061438
0 0.807721 0.846405 0.015441 0.053595
0 0.843382 0.860131 0.013235 0.047059
0 0.790809 0.524837 0.018382 0.027451
0 0.900368 0.300654 0.013971 0.036601
0 0.680515 0.275817 0.006618 0.047059
0 0.670588 0.277124 0.010294 0.041830
0 0.658456 0.273856 0.009559 0.045752
0 0.579779 0.182353 0.009559 0.027451
0 0.579779 0.126797 0.006618 0.036601
0 0.587132 0.132026 0.009559 0.026144
0 0.583088 0.102614 0.008824 0.037908
0 0.436029 0.115686 0.010294 0.024837
0 0.396691 0.210458 0.009559 0.049673
0 0.434926 0.068627 0.006618 0.016993
0 0.220221 0.162092 0.005147 0.018301
0 0.215074 0.169281 0.008088 0.048366
0 0.109559 0.085621 0.016176 0.053595
0 0.109559 0.165359 0.008824 0.019608
0 0.117647 0.181699 0.010294 0.039216
