0 0.014063 0.912037 0.019792 0.061111
0 0.145833 0.827778 0.020833 0.048148
0 0.233854 0.753704 0.015625 0.044444
0 0.225521 0.659259 0.007292 0.037037
0 0.232292 0.658333 0.010417 0.042593
0 0.116667 0.733333 0.014583 0.040741
0 0.393229 0.501852 0.007292 0.018519
0 0.426042 0.472222 0.008333 0.014815
0 0.520312 0.454630 0.009375 0.024074
0 0.519792 0.461111 0.006250 0.014815
0 0.536458 0.439815 0.010417 0.020370
0 0.684896 0.596296 0.015625 0.029630
0 0.713542 0.610185 0.008333 0.046296
0 0.866667 0.714815 0.014583 0.048148
0 0.807292 0.681481 0.016667 0.040741
0 0.658333 0.575926 0.008333 0.018519
0 0.661979 0.586111 0.007292 0.024074
0 0.666146 0.581481 0.007292 0.022222
0 0.573958 0.676852 0.012500 0.031481
0 0.561458 0.869444 0.010417 0.024074
0 0.562500 0.852778 0.016667 0.038889
0 0.625521 0.887037 0.013542 0.040741
0 0.433333 0.764815 0.012500 0.025926
0 0.382292 0.776852 0.014583 0.050000
0 0.290104 0.902778 0.017708 0.061111
0 0.298438 0.967593 0.013542 0.042593
0 0.303646 0.961111 0.011458 0.044444
0 0.368229 0.972222 0.017708 0.037037
0 0.264583 0.628704 0.006250 0.038889
0 0.271354 0.625926 0.009375 0.033333
0 0.450000 0.201852 0.006250 0.014815
0 0.720313 0.391667 0.005208 0.031481
0 0.731250 0.388889 0.008333 0.037037
0 0.751563 0.474074 0.007292 0.033333
0 0.591667 0.385185 0.006250 0.022222
0 0.585417 0.398148 0.006250 0.018519
