0 0.634559 0.331373 0.005882 0.027451
0 0.643015 0.332680 0.005147 0.022222
0 0.581985 0.341176 0.011029 0.036601
0 0.579412 0.394118 0.010294 0.032680
0 0.517647 0.324183 0.007353 0.023529
0 0.484926 0.167974 0.005147 0.019608
0 0.444853 0.162745 0.005882 0.022222
0 0.504412 0.024837 0.007353 0.018301
0 0.578309 0.038562 0.003676 0.019608
0 0.992647 0.213072 0.007353 0.028758
0 0.926103 0.743137 0.011029 0.019608
0 0.900000 0.746405 0.011765 0.023529
0 0.928309 0.809150 0.015441 0.044444
0 0.946691 0.806536 0.011029 0.039216
0 0.089706 0.752288 0.014706 0.056209
0 0.216544 0.569935 0.012500 0.047059
0 0.233456 0.593464 0.013971 0.054902
0 0.238603 0.571242 0.008088 0.036601
0 0.246324 0.569281 0.010294 0.050980
0 0.237132 0.472549 0.011029 0.040523
0 0.184559 0.433987 0.008824 0.047059
0 0.158456 0.406536 0.011029 0.039216
0 0.162132 0.401961 0.008088 0.032680
0 0.159926 0.381046 0.006618 0.019608
0 0.169485 0.383007 0.009559 0.031373
0 0.654044 0.943137 0.012500 0.064052
