0 0.267279 0.906536 0.013971 0.061438
0 0.253309 0.902614 0.012500 0.061438
0 0.257353 0.873203 0.020588 0.028758
0 0.335294 0.643137 0.013235 0.052288
0 0.335662 0.601307 0.011029 0.044444
0 0.350000 0.450327 0.007353 0.045752
0 0.484559 0.500654 0.011765 0.033987
0 0.761397 0.533987 0.013971 0.035294
0 0.544118 0.971242 0.010294 0.052288
0 0.494118 0.106536 0.005882 0.030065
0 0.497426 0.107190 0.006618 0.023529
0 0.351471 0.194771 0.007353 0.028758
0 0.261397 0.496732 0.008088 0.033987
0 0.364338 0.179739 0.005147 0.032680
0 0.417279 0.018954 0.002206 0.019608
0 0.493750 0.046405 0.005147 0.016993
0 0.429412 0.373203 0.008824 0.014379
