0 0.336397 0.213072 0.009559 0.036601
0 0.551471 0.256209 0.010294 0.044444
0 0.605147 0.405229 0.013235 0.060131
0 0.333088 0.544444 0.008824 0.019608
0 0.230515 0.455556 0.015441 0.016993
0 0.218382 0.464706 0.014706 0.024837
0 0.350000 0.400654 0.014706 0.022222
0 0.379412 0.355556 0.008824 0.018301
0 0.822059 0.448366 0.008824 0.041830
0 0.692647 0.260784 0.005882 0.011765
0 0.704044 0.263399 0.009559 0.011765
0 0.831985 0.452941 0.013971 0.037908
0 0.872794 0.662745 0.025000 0.052288
0 0.876103 0.684967 0.019853 0.067974
0 0.892647 0.695425 0.019118 0.062745
0 0.910662 0.787582 0.024265 0.048366
0 0.548897 0.871895 0.018382 0.020915
0 0.129044 0.926797 0.027206 0.047059
0 0.023529 0.423529 0.017647 0.039216
0 0.846324 0.062092 0.008824 0.035294
