0 0.566489 0.110219 0.013830 0.018978
0 0.954787 0.259854 0.015957 0.052555
0 0.972872 0.263504 0.011702 0.051095
0 0.982447 0.265693 0.011702 0.055474
0 0.929255 0.315328 0.011702 0.046715
0 0.937234 0.328467 0.017021 0.049635
0 0.967021 0.356934 0.029787 0.059854
0 0.779255 0.356204 0.018085 0.046715
0 0.785638 0.375912 0.018085 0.033577
0 0.501064 0.313139 0.014894 0.018978
0 0.483511 0.313869 0.009574 0.017518
0 0.081915 0.747445 0.019149 0.020438
0 0.123936 0.756204 0.011702 0.023358
0 0.422872 0.970803 0.022340 0.026277
