0 0.685417 0.379630 0.010417 0.059259
0 0.630208 0.269444 0.006250 0.042593
0 0.652083 0.261111 0.008333 0.018519
0 0.694792 0.164815 0.008333 0.022222
0 0.559896 0.291667 0.015625 0.038889
0 0.474479 0.338889 0.011458 0.048148
0 0.536458 0.152778 0.006250 0.035185
0 0.631250 0.152778 0.006250 0.020370
0 0.415104 0.186111 0.005208 0.024074
0 0.246354 0.271296 0.007292 0.012963
0 0.239063 0.106481 0.005208 0.020370
0 0.205729 0.075926 0.005208 0.014815
0 0.127083 0.088889 0.008333 0.025926
0 0.120313 0.118519 0.007292 0.025926
0 0.334896 0.050926 0.005208 0.016667
