0 0.468382 0.778431 0.048529 0.152941
0 0.559926 0.727451 0.033088 0.179085
0 0.575000 0.773856 0.045588 0.214379
0 0.575368 0.509804 0.033088 0.154248
0 0.581618 0.552288 0.032353 0.113725
0 0.772426 0.542484 0.038971 0.175163
0 0.688235 0.674510 0.047059 0.211765
0 0.756250 0.786928 0.050735 0.237908
0 0.551471 0.140523 0.013235 0.074510
0 0.863971 0.052941 0.014706 0.069281
0 0.882721 0.058170 0.012500 0.066667
0 0.895956 0.057516 0.013971 0.065359
0 0.448162 0.053595 0.012500 0.067974
0 0.375000 0.173203 0.032353 0.105882
0 0.345588 0.190196 0.026471 0.082353
0 0.352206 0.109804 0.013235 0.052288
0 0.384559 0.073203 0.016176 0.073203
0 0.368750 0.061438 0.012500 0.073203
0 0.357721 0.062092 0.012500 0.064052
0 0.338235 0.099346 0.013235 0.086275
0 0.327206 0.064706 0.011765 0.071895
0 0.340441 0.051634 0.011765 0.066667
0 0.331618 0.054902 0.010294 0.060131
0 0.541912 0.132026 0.011765 0.091503
0 0.077206 0.066013 0.014706 0.058824
0 0.092647 0.066013 0.020588 0.058824
0 0.987868 0.947059 0.024265 0.105882
