0 0.491667 0.501852 0.014583 0.077778
0 0.510938 0.552778 0.019792 0.120370
0 0.531250 0.562963 0.018750 0.122222
0 0.809375 0.888889 0.060417 0.222222
0 0.978125 0.752778 0.043750 0.116667
0 0.914062 0.366667 0.009375 0.022222
0 0.598958 0.362963 0.006250 0.022222
0 0.589063 0.367593 0.003125 0.012963
0 0.667708 0.347222 0.006250 0.020370
0 0.709896 0.347222 0.005208 0.027778
0 0.714063 0.348148 0.005208 0.029630
0 0.739062 0.340741 0.005208 0.029630
0 0.839583 0.372222 0.006250 0.014815
0 0.844271 0.373148 0.005208 0.016667
0 0.855729 0.385185 0.007292 0.025926
0 0.861458 0.388889 0.004167 0.018519
0 0.894271 0.390741 0.009375 0.014815
