0 0.537500 0.375817 0.010294 0.027451
0 0.540074 0.339869 0.009559 0.028758
0 0.452206 0.172549 0.005882 0.020915
0 0.527574 0.139869 0.008088 0.015686
0 0.425735 0.136601 0.005882 0.011765
0 0.292279 0.205229 0.006618 0.033987
0 0.247794 0.337908 0.011765 0.027451
0 0.176838 0.389542 0.006618 0.028758
0 0.189706 0.375817 0.007353 0.027451
0 0.531618 0.047059 0.002941 0.026144
0 0.564706 0.109804 0.002941 0.023529
0 0.576103 0.096078 0.005147 0.014379
0 0.820956 0.116993 0.005147 0.024837
0 0.828676 0.154248 0.004412 0.015686
0 0.837868 0.106536 0.003676 0.019608
