0 0.969761 0.921471 0.060478 0.157058
0 0.930380 0.807157 0.046414 0.202783
0 0.834037 0.488072 0.045007 0.168986
0 0.782700 0.338966 0.032349 0.129225
0 0.790436 0.203777 0.030942 0.133201
0 0.712377 0.194831 0.035162 0.135189
0 0.616737 0.729622 0.057665 0.226640
0 0.623066 0.346918 0.090014 0.188867
0 0.642757 0.033797 0.025316 0.063618
0 0.642053 0.067594 0.018284 0.099404
0 0.651899 0.085487 0.018284 0.099404
0 0.660338 0.109344 0.021097 0.103380
0 0.600563 0.021869 0.019691 0.039761
0 0.619550 0.189861 0.026723 0.121272
0 0.591421 0.214712 0.023910 0.135189
0 0.561885 0.175944 0.035162 0.129225
0 0.543601 0.051690 0.026723 0.083499
0 0.526723 0.079523 0.029536 0.123260
0 0.513361 0.130219 0.025316 0.125249
0 0.554149 0.302187 0.036568 0.147117
0 0.543601 0.465209 0.068917 0.166998
0 0.297468 0.908549 0.130802 0.182903
0 0.416315 0.484095 0.101266 0.165010
0 0.323488 0.616302 0.047820 0.194831
0 0.271449 0.563618 0.050633 0.176938
0 0.210970 0.412525 0.042194 0.161034
0 0.084388 0.235586 0.028129 0.133201
0 0.443741 0.282306 0.077356 0.143141
0 0.438819 0.177932 0.030942 0.117296
0 0.460619 0.123260 0.026723 0.123260
0 0.454993 0.032803 0.018284 0.061630
0 0.407876 0.037773 0.028129 0.071571
0 0.390295 0.083499 0.032349 0.103380
0 0.372714 0.049702 0.022504 0.095427
0 0.374121 0.179920 0.033755 0.125249
0 0.336146 0.176938 0.028129 0.123260
0 0.329114 0.089463 0.028129 0.083499
0 0.269339 0.066600 0.021097 0.077535
0 0.834037 0.040755 0.036568 0.061630