0 0.008046 0.060687 0.014253 0.119227
0 0.014713 0.096133 0.014713 0.145005
0 0.048276 0.078410 0.022989 0.133190
0 0.083908 0.062299 0.020690 0.122449
0 0.042299 0.203545 0.038621 0.209452
0 0.055402 0.515038 0.054713 0.385607
0 0.139540 0.383459 0.046437 0.341568
0 0.148046 0.143394 0.027586 0.153598
0 0.201839 0.095596 0.022989 0.146079
0 0.229655 0.082707 0.022529 0.141783
0 0.257931 0.060687 0.018391 0.117078
0 0.219540 0.295381 0.047356 0.268528
0 0.269425 0.199248 0.029425 0.207304
0 0.317701 0.151450 0.023908 0.171858
0 0.351264 0.124060 0.019310 0.153598
0 0.383908 0.085392 0.018391 0.136412
0 0.402529 0.060687 0.018851 0.112782
0 0.339770 0.748120 0.066207 0.501611
0 0.385977 0.558002 0.054713 0.398496
0 0.409195 0.426960 0.048736 0.351235
0 0.438621 0.294307 0.038621 0.270677
0 0.469195 0.198174 0.033563 0.203008
0 0.471954 0.147154 0.028046 0.169710
0 0.481379 0.117078 0.019310 0.148228
0 0.482069 0.049409 0.018851 0.051557
0 0.484828 0.027927 0.016092 0.047261
0 0.580920 0.062836 0.014253 0.121375
0 0.590575 0.088077 0.017931 0.124597
0 0.600460 0.119227 0.021149 0.148228
0 0.612644 0.151987 0.029885 0.177229
0 0.640920 0.229323 0.034023 0.205156
0 0.668046 0.292159 0.039540 0.251343
0 0.698391 0.400107 0.061609 0.327605
0 0.750575 0.552632 0.063908 0.411386
0 0.824138 0.774436 0.097011 0.451128
0 0.650805 0.033298 0.017931 0.064447
0 0.679540 0.065521 0.017471 0.120301
0 0.695402 0.080559 0.020690 0.135338
0 0.724368 0.110097 0.025287 0.149302
0 0.749655 0.141783 0.029885 0.165414
0 0.799310 0.216971 0.040920 0.197637
0 0.860690 0.280344 0.050575 0.251343
0 0.969655 0.438238 0.060690 0.343716
0 0.765287 0.061224 0.017011 0.120301
0 0.795862 0.085392 0.022069 0.119227
0 0.837011 0.114393 0.030805 0.145005
0 0.886667 0.147691 0.023448 0.164339
0 0.961379 0.209452 0.044138 0.201933
0 0.868276 0.063373 0.021609 0.122449
0 0.907816 0.086466 0.029885 0.136412
0 0.957931 0.108485 0.035402 0.150376
0 0.978161 0.067132 0.021609 0.117078
