0 0.037975 0.130165 0.073418 0.177686
0 0.119620 0.118802 0.067089 0.233471
0 0.406962 0.038223 0.034177 0.072314
0 0.660759 0.133264 0.053165 0.233471
0 0.487342 0.016529 0.037975 0.028926
0 0.716456 0.228306 0.098734 0.150826
0 0.804430 0.280992 0.074684 0.194215
0 0.901266 0.353306 0.043038 0.185950
0 0.856962 0.470041 0.103797 0.171488
0 0.781013 0.500000 0.063291 0.330579
0 0.704430 0.428719 0.067089 0.295455
0 0.856329 0.881198 0.097468 0.237603
0 0.937342 0.921488 0.092405 0.157025
0 0.605063 0.825413 0.106329 0.349174
0 0.529114 0.918388 0.088608 0.163223
0 0.415823 0.936983 0.064557 0.126033
0 0.344304 0.834711 0.073418 0.330579
0 0.224051 0.856405 0.063291 0.287190
0 0.103165 0.799587 0.107595 0.239669
0 0.073418 0.670455 0.096203 0.167355
0 0.156329 0.670455 0.097468 0.283058
0 0.065823 0.455579 0.116456 0.229339
0 0.058861 0.283058 0.112658 0.136364
0 0.401266 0.337810 0.068354 0.311983
0 0.256329 0.296488 0.064557 0.328512
0 0.343671 0.176653 0.051899 0.283058