0 0.022093 0.119433 0.027907 0.093117
0 0.060465 0.109312 0.025581 0.089069
0 0.970349 0.096154 0.022093 0.066802
0 0.384302 0.144737 0.019767 0.087045
0 0.293023 0.143725 0.030233 0.093117
0 0.207558 0.068826 0.024419 0.101215
0 0.180814 0.111336 0.026744 0.093117
0 0.153488 0.138664 0.032558 0.095142
0 0.143605 0.212551 0.029070 0.097166
0 0.190116 0.244939 0.024419 0.113360
0 0.351163 0.241903 0.020930 0.087045
0 0.372093 0.229757 0.020930 0.054656
0 0.373837 0.271255 0.022093 0.048583
0 0.372674 0.326923 0.019767 0.111336
0 0.411628 0.332996 0.016279 0.107287
0 0.350581 0.322874 0.017442 0.115385
0 0.334302 0.350202 0.026744 0.113360
0 0.219767 0.418016 0.025581 0.111336